0.000000	0.000000
0.000000	0.000000
0.000000	0.000000
0.000000	0.000000
0.000000	0.000000
-0.128010	0.000000
-0.128010	0.000000
-0.128010	0.000000
-0.128010	0.000000
-0.128010	0.000000
-0.128010	-0.007572
-0.128010	-0.023145
-0.128010	-0.041424
-0.128010	-0.060344
-0.128010	-0.079039
-0.128010	-0.097126
-0.128010	-0.114424
-0.128010	-0.130847
-0.128010	-0.146357
-0.128010	-0.160938
-0.128010	-0.174595
-0.128010	-0.187344
-0.128010	-0.199209
-0.128010	-0.210223
-0.128010	-0.220421
-0.128010	-0.229843
-0.128010	-0.238531
-0.128010	-0.246528
-0.128010	-0.253877
-0.128010	-0.260620
-0.128010	-0.266799
-0.948148	-0.272454
-0.948148	-0.277625
-0.948148	-0.282347
-0.948148	-0.286657
-0.948148	-0.290586
-0.948148	-0.316926
-0.948148	-0.368196
-0.948148	-0.429364
-0.948148	-0.494283
-0.948148	-0.560107
-0.948148	-0.625369
-0.948148	-0.689215
-0.948148	-0.751097
-0.948148	-0.810639
-0.948148	-0.867577
-0.948148	-0.921733
-0.948148	-0.972996
-0.948148	-1.021311
-0.948148	-1.066672
-0.948148	-1.109110
-0.948148	-1.148687
-0.948148	-1.185490
-0.948148	-1.219625
-0.948148	-1.251210
-0.948148	-1.280374
-0.948148	-1.307251
0.099325	-1.331976
0.099325	-1.354687
0.099325	-1.375518
0.099325	-1.394599
0.099325	-1.412057
0.099325	-1.276630
0.099325	-1.028535
0.099325	-0.799478
0.099325	-0.615943
0.099325	-0.474066
0.099325	-0.364700
0.099325	-0.279691
0.099325	-0.212833
0.099325	-0.159603
0.099325	-0.116721
0.099325	-0.081798
0.099325	-0.053072
0.099325	-0.029229
0.099325	-0.009275
0.099325	0.007549
0.099325	0.021828
0.099325	0.034023
0.099325	0.044495
0.099325	0.053532
0.099325	0.061366
0.099325	0.068185
-0.129355	0.074142
-0.129355	0.079364
-0.129355	0.083955
-0.129355	0.088003
-0.129355	0.091581
-0.129355	0.086161
-0.129355	0.071153
-0.129355	0.052274
-0.129355	0.031797
-0.129355	0.010766
-0.129355	-0.010277
-0.129355	-0.031017
-0.129355	-0.051246
-0.129355	-0.070820
-0.129355	-0.089631
-0.129355	-0.107603
-0.129355	-0.124684
-0.129355	-0.140842
-0.129355	-0.156063
-0.129355	-0.170345
-0.129355	-0.183700
-0.129355	-0.196150
-0.129355	-0.207723
-0.129355	-0.218453
-0.129355	-0.228378
-0.129355	-0.237541
-0.159264	-0.245982
-0.159264	-0.253746
-0.159264	-0.260876
-0.159264	-0.267414
-0.159264	-0.273402
-0.159264	-0.281965
-0.159264	-0.293179
-0.159264	-0.304789
-0.159264	-0.315982
-0.159264	-0.326481
-0.159264	-0.336214
-0.159264	-0.345188
-0.159264	-0.353436
-0.159264	-0.361000
-0.159264	-0.367928
-0.159264	-0.374265
-0.159264	-0.380054
-0.159264	-0.385339
-0.159264	-0.390160
-0.159264	-0.394553
-0.159264	-0.398554
-0.159264	-0.402196
-0.159264	-0.405508
-0.159264	-0.408520
-0.159264	-0.411258
-0.159264	-0.413744
-0.339330	-0.416002
-0.339330	-0.418052
-0.339330	-0.419912
-0.339330	-0.421600
-0.339330	-0.423131
-0.339330	-0.440205
-0.339330	-0.473482
-0.339330	-0.511786
-0.339330	-0.550833
-0.339330	-0.588906
-0.339330	-0.625304
-0.339330	-0.659747
-0.339330	-0.692136
-0.339330	-0.722458
-0.339330	-0.750742
-0.339330	-0.777046
-0.339330	-0.801443
-0.339330	-0.824018
-0.339330	-0.844863
-0.339330	-0.864072
-0.339330	-0.881744
-0.339330	-0.897975
-0.339330	-0.912863
-0.339330	-0.926500
-0.339330	-0.938977
-0.339330	-0.950380
-0.590703	-0.960793
-0.590703	-0.970292
-0.590703	-0.978952
-0.590703	-0.986841
-0.590703	-0.994022
-0.590703	-1.012928
-0.590703	-1.043740
-0.590703	-1.077365
-0.590703	-1.110466
-0.590703	-1.141853
-0.590703	-1.171148
-0.590703	-1.198289
-0.590703	-1.223331
-0.590703	-1.246378
-0.590703	-1.267547
-0.590703	-1.286962
-0.590703	-1.304744
-0.590703	-1.321012
-0.590703	-1.335878
-0.590703	-1.349450
-0.590703	-1.361831
-0.590703	-1.373117
-0.590703	-1.383396
-0.590703	-1.392754
-0.590703	-1.401267
-0.590703	-1.409008
0.238542	-1.416043
0.238542	-1.422435
0.238542	-1.428240
0.238542	-1.433510
0.238542	-1.438292
0.238542	-1.255343
0.238542	-0.948014
0.238542	-0.680728
0.238542	-0.478274
0.238542	-0.329710
0.238542	-0.220506
0.238542	-0.139208
0.238542	-0.077720
0.238542	-0.030467
0.238542	0.006400
0.238542	0.035567
0.238542	0.058939
0.238542	0.077884
0.238542	0.093402
0.238542	0.106233
0.238542	0.116936
0.238542	0.125931
0.238542	0.133546
0.238542	0.140032
0.238542	0.145589
0.238542	0.150375
-0.400691	0.154516
-0.400691	0.158115
-0.400691	0.161254
-0.400691	0.164001
-0.400691	0.166414
-0.400691	0.158940
-0.400691	0.139241
-0.400691	0.111884
-0.400691	0.078627
-0.400691	0.040453
-0.400691	-0.001914
-0.400691	-0.047823
-0.400691	-0.096636
-0.400691	-0.147707
-0.400691	-0.200390
-0.400691	-0.254058
-0.400691	-0.308112
-0.400691	-0.362003
-0.400691	-0.415236
-0.400691	-0.467384
-0.400691	-0.518084
-0.400691	-0.567040
-0.400691	-0.614020
-0.400691	-0.658854
-0.400691	-0.701424
-0.400691	-0.741658
-0.466345	-0.779527
-0.466345	-0.815038
-0.466345	-0.848223
-0.466345	-0.879141
-0.466345	-0.907866
-0.466345	-0.937898
-0.466345	-0.969463
-0.466345	-1.000150
-0.466345	-1.029110
-0.466345	-1.056091
-0.466345	-1.081070
-0.466345	-1.104110
-0.466345	-1.125312
-0.466345	-1.144786
-0.466345	-1.162645
-0.466345	-1.179003
-0.466345	-1.193968
-0.466345	-1.207643
-0.466345	-1.220129
-0.466345	-1.231518
-0.466345	-1.241900
-0.466345	-1.251357
-0.466345	-1.259965
-0.466345	-1.267797
-0.466345	-1.274918
-0.466345	-1.281391
0.242268	-1.287271
0.242268	-1.292611
0.242268	-1.297459
0.242268	-1.301859
0.242268	-1.305850
0.242268	-1.140391
0.242268	-0.861744
0.242268	-0.618235
0.242268	-0.432844
0.242268	-0.296131
0.242268	-0.195179
0.242268	-0.119712
0.242268	-0.062419
0.242268	-0.018239
0.242268	0.016337
0.242268	0.043769
0.242268	0.065805
0.242268	0.083708
0.242268	0.098404
0.242268	0.110578
0.242268	0.120749
0.242268	0.129312
0.242268	0.136569
0.242268	0.142759
0.242268	0.148069
0.242268	0.152646
0.058284	0.156611
0.058284	0.160058
0.058284	0.163068
0.058284	0.165705
0.058284	0.168021
0.058284	0.167240
0.058284	0.163391
0.058284	0.158523
0.058284	0.153402
0.058284	0.148334
0.058284	0.143449
0.058284	0.138799
0.058284	0.134406
0.058284	0.130277
0.058284	0.126413
0.058284	0.122809
0.058284	0.119457
0.058284	0.116348
0.058284	0.113471
0.058284	0.110815
0.058284	0.108367
0.058284	0.106114
0.058284	0.104045
0.058284	0.102148
0.058284	0.100409
0.058284	0.098819
-0.730840	0.097365
-0.730840	0.096038
-0.730840	0.094827
-0.730840	0.093723
-0.730840	0.092717
-0.730840	0.077863
-0.730840	0.045688
-0.730840	0.003416
-0.730840	-0.045893
-0.730840	-0.100519
-0.730840	-0.159260
-0.730840	-0.221136
-0.730840	-0.285268
-0.730840	-0.350838
-0.730840	-0.417085
-0.730840	-0.483308
-0.730840	-0.548881
-0.730840	-0.613255
-0.730840	-0.675962
-0.730840	-0.736618
-0.730840	-0.794920
-0.730840	-0.850637
-0.730840	-0.903608
-0.730840	-0.953731
-0.730840	-1.000960
-0.730840	-1.045288
0.027156	-1.086751
0.027156	-1.125410
0.027156	-1.161354
0.027156	-1.194685
0.027156	-1.225523
0.027156	-1.142697
0.027156	-0.968103
0.027156	-0.797125
0.027156	-0.653157
0.027156	-0.536818
0.027156	-0.443482
0.027156	-0.368267
0.027156	-0.307151
0.027156	-0.257037
0.027156	-0.215575
0.027156	-0.180984
0.027156	-0.151903
0.027156	-0.127284
0.027156	-0.106310
0.027156	-0.088338
0.027156	-0.072859
0.027156	-0.059464
0.027156	-0.047823
0.027156	-0.037668
0.027156	-0.028778
0.027156	-0.020971
-0.631120	-0.014096
-0.631120	-0.008025
-0.631120	-0.002653
-0.631120	0.002112
-0.631120	0.006346
-0.631120	-0.008836
-0.631120	-0.046387
-0.631120	-0.095145
-0.631120	-0.150494
-0.631120	-0.210035
-0.631120	-0.272275
-0.631120	-0.336139
-0.631120	-0.400759
-0.631120	-0.465402
-0.631120	-0.529432
-0.631120	-0.592301
-0.631120	-0.653550
-0.631120	-0.712802
-0.631120	-0.769757
-0.631120	-0.824190
-0.631120	-0.875943
-0.631120	-0.924917
-0.631120	-0.971064
-0.631120	-1.014379
-0.631120	-1.054895
-0.631120	-1.092674
0.570670	-1.127798
0.570670	-1.160372
0.570670	-1.190509
0.570670	-1.218332
0.570670	-1.243971
0.570670	-1.072284
0.570670	-0.772828
0.570670	-0.518271
0.570670	-0.331371
0.570670	-0.198486
0.570670	-0.103676
0.570670	-0.035003
0.570670	0.015654
0.570670	0.053711
0.570670	0.082799
0.570670	0.105390
0.570670	0.123189
0.570670	0.137399
0.570670	0.148879
0.570670	0.158255
0.570670	0.165988
0.570670	0.172421
0.570670	0.177817
0.570670	0.182375
0.570670	0.186250
0.570670	0.189565
0.707951	0.192416
0.707951	0.194880
0.707951	0.197018
0.707951	0.198881
0.707951	0.200510
0.707951	0.202015
0.707951	0.203415
0.707951	0.204675
0.707951	0.205795
0.707951	0.206789
0.707951	0.207670
0.707951	0.208452
0.707951	0.209148
0.707951	0.209767
0.707951	0.210319
0.707951	0.210812
0.707951	0.211253
0.707951	0.211648
0.707951	0.212002
0.707951	0.212319
0.707951	0.212604
0.707951	0.212859
0.707951	0.213089
0.707951	0.213296
0.707951	0.213482
0.707951	0.213650
-0.011526	0.213801
-0.011526	0.213937
-0.011526	0.214060
-0.011526	0.214171
-0.011526	0.214270
-0.011526	0.211666
-0.011526	0.205859
-0.011526	0.198401
-0.011526	0.189946
-0.011526	0.180842
-0.011526	0.171308
-0.011526	0.161509
-0.011526	0.151575
-0.011526	0.141620
-0.011526	0.131746
-0.011526	0.122036
-0.011526	0.112565
-0.011526	0.103393
-0.011526	0.094566
-0.011526	0.086122
-0.011526	0.078088
-0.011526	0.070479
-0.011526	0.063304
-0.011526	0.056565
-0.011526	0.050258
-0.011526	0.044374
0.693123	0.038901
0.693123	0.033823
0.693123	0.029124
0.693123	0.024783
0.693123	0.020782
0.693123	0.033445
0.693123	0.059601
0.693123	0.085285
0.693123	0.107029
0.693123	0.124703
0.693123	0.138962
0.693123	0.150512
0.693123	0.159941
0.693123	0.167707
0.693123	0.174156
0.693123	0.179556
0.693123	0.184110
0.693123	0.187977
0.693123	0.191280
0.693123	0.194116
0.693123	0.196565
0.693123	0.198688
0.693123	0.200536
0.693123	0.202150
0.693123	0.203566
0.693123	0.204811
-0.840709	0.205908
-0.840709	0.206878
-0.840709	0.207738
-0.840709	0.208501
-0.840709	0.209179
-0.840709	0.203716
-0.840709	0.189799
-0.840709	0.169320
-0.840709	0.142700
-0.840709	0.110081
-0.840709	0.071610
-0.840709	0.027535
-0.840709	-0.021763
-0.840709	-0.075764
-0.840709	-0.133839
-0.840709	-0.195269
-0.840709	-0.259288
-0.840709	-0.325113
-0.840709	-0.391978
-0.840709	-0.459155
-0.840709	-0.525979
-0.840709	-0.591854
-0.840709	-0.656267
-0.840709	-0.718787
-0.840709	-0.779067
-0.840709	-0.836836
0.010492	-0.891898
0.010492	-0.944120
0.010492	-0.993428
0.010492	-1.039796
0.010492	-1.083240
0.010492	-1.026823
0.010492	-0.885957
0.010492	-0.743111
0.010492	-0.620195
0.010492	-0.519156
0.010492	-0.436901
0.010492	-0.369756
0.010492	-0.314566
0.010492	-0.268839
0.010492	-0.230651
0.010492	-0.198521
0.010492	-0.171302
0.010492	-0.148099
0.010492	-0.128207
0.010492	-0.111066
0.010492	-0.096226
0.010492	-0.083325
0.010492	-0.072067
0.010492	-0.062208
0.010492	-0.053547
0.010492	-0.045918
-0.869427	-0.039180
-0.869427	-0.033216
-0.869427	-0.027925
-0.869427	-0.023223
-0.869427	-0.019037
-0.869427	-0.035478
-0.869427	-0.075605
-0.869427	-0.127411
-0.869427	-0.185924
-0.869427	-0.248578
-0.869427	-0.313800
-0.869427	-0.380469
-0.869427	-0.447698
-0.869427	-0.514741
-0.869427	-0.580962
-0.869427	-0.645817
-0.869427	-0.708856
-0.869427	-0.769712
-0.869427	-0.828099
-0.869427	-0.883806
-0.869427	-0.936688
-0.869427	-0.986661
-0.869427	-1.033689
-0.869427	-1.077781
-0.869427	-1.118981
-0.869427	-1.157361
-0.143755	-1.193015
-0.143755	-1.226054
-0.143755	-1.256601
-0.143755	-1.284785
-0.143755	-1.310741
-0.143755	-1.275989
-0.143755	-1.186523
-0.143755	-1.090211
-0.143755	-1.001839
-0.143755	-0.924565
-0.143755	-0.857951
-0.143755	-0.800654
-0.143755	-0.751268
-0.143755	-0.708550
-0.143755	-0.671458
-0.143755	-0.639130
-0.143755	-0.610855
-0.143755	-0.586046
-0.143755	-0.564214
-0.143755	-0.544951
-0.143755	-0.527915
-0.143755	-0.512814
-0.143755	-0.499404
-0.143755	-0.487473
-0.143755	-0.476841
-0.143755	-0.467352
-0.806938	-0.458874
-0.806938	-0.451289
-0.806938	-0.444495
-0.806938	-0.438405
-0.806938	-0.432941
-0.806938	-0.453954
-0.806938	-0.502942
-0.806938	-0.562019
-0.806938	-0.624162
-0.806938	-0.686335
-0.806938	-0.747122
-0.806938	-0.805802
-0.806938	-0.861978
-0.806938	-0.915422
-0.806938	-0.966007
-0.806938	-1.013674
-0.806938	-1.058415
-0.806938	-1.100263
-0.806938	-1.139282
-0.806938	-1.175558
-0.806938	-1.209198
-0.806938	-1.240320
-0.806938	-1.269053
-0.806938	-1.295528
-0.806938	-1.319881
-0.806938	-1.342247
-0.745680	-1.362759
-0.745680	-1.381547
-0.745680	-1.398736
-0.745680	-1.414445
-0.745680	-1.428787
-0.745680	-1.441423
-0.745680	-1.452458
-0.745680	-1.462327
-0.745680	-1.471240
-0.745680	-1.479321
-0.745680	-1.486657
-0.745680	-1.493318
-0.745680	-1.499366
-0.745680	-1.504856
-0.745680	-1.509839
-0.745680	-1.514359
-0.745680	-1.518459
-0.745680	-1.522177
-0.745680	-1.525548
-0.745680	-1.528604
-0.745680	-1.531374
-0.745680	-1.533884
-0.745680	-1.536157
-0.745680	-1.538218
-0.745680	-1.540084
-0.745680	-1.541774
0.193491	-1.543304
0.193491	-1.544691
0.193491	-1.545946
0.193491	-1.547082
0.193491	-1.548111
0.193491	-1.358254
0.193491	-1.040572
0.193491	-0.762225
0.193491	-0.549488
0.193491	-0.391982
0.193491	-0.275236
0.193491	-0.187656
0.193491	-0.120955
0.193491	-0.069372
0.193491	-0.028896
0.193491	0.003292
0.193491	0.029205
0.193491	0.050299
0.193491	0.067644
0.193491	0.082036
0.193491	0.094077
0.193491	0.104226
0.193491	0.112840
0.193491	0.120194
0.193491	0.126508
0.193491	0.131956
-0.547976	0.136678
-0.547976	0.140788
-0.547976	0.144378
-0.547976	0.147524
-0.547976	0.150291
-0.547976	0.141433
-0.547976	0.118225
-0.547976	0.086089
-0.547976	0.047126
-0.547976	0.002512
-0.547976	-0.046889
-0.547976	-0.100312
-0.547976	-0.157008
-0.547976	-0.216228
-0.547976	-0.277224
-0.547976	-0.339275
-0.547976	-0.401695
-0.547976	-0.463855
-0.547976	-0.525195
-0.547976	-0.585229
-0.547976	-0.643547
-0.547976	-0.699816
-0.547976	-0.753778
-0.547976	-0.805243
-0.547976	-0.854080
-0.547976	-0.900215
-0.786109	-0.943619
-0.786109	-0.984302
-0.786109	-1.022308
-0.786109	-1.057704
-0.786109	-1.090580
-0.786109	-1.124366
-0.786109	-1.159294
-0.786109	-1.193029
-0.786109	-1.224763
-0.786109	-1.254270
-0.786109	-1.281551
-0.786109	-1.306688
-0.786109	-1.329799
-0.786109	-1.351010
-0.786109	-1.370449
-0.786109	-1.388242
-0.786109	-1.404510
-0.786109	-1.419370
-0.786109	-1.432930
-0.786109	-1.445295
-0.786109	-1.456561
-0.786109	-1.466820
-0.786109	-1.476156
-0.786109	-1.484647
-0.786109	-1.492366
-0.786109	-1.499380
-0.559388	-1.505751
-0.559388	-1.511536
-0.559388	-1.516786
-0.559388	-1.521551
-0.559388	-1.525873
-0.559388	-1.525885
-0.559388	-1.521755
-0.559388	-1.516507
-0.559388	-1.511216
-0.559388	-1.506238
-0.559388	-1.501671
-0.559388	-1.497521
-0.559388	-1.493765
-0.559388	-1.490369
-0.559388	-1.487301
-0.559388	-1.484528
-0.559388	-1.482024
-0.559388	-1.479760
-0.559388	-1.477715
-0.559388	-1.475866
-0.559388	-1.474195
-0.559388	-1.472685
-0.559388	-1.471319
-0.559388	-1.470084
-0.559388	-1.468967
-0.559388	-1.467958
-0.300347	-1.467045
-0.300347	-1.466219
-0.300347	-1.465472
-0.300347	-1.464796
-0.300347	-1.464185
-0.300347	-1.442034
-0.300347	-1.399856
-0.300347	-1.354624
-0.300347	-1.311916
-0.300347	-1.273229
-0.300347	-1.238684
-0.300347	-1.207969
-0.300347	-1.180675
-0.300347	-1.156402
-0.300347	-1.134788
-0.300347	-1.115515
-0.300347	-1.098306
-0.300347	-1.082922
-0.300347	-1.069153
-0.300347	-1.056817
-0.300347	-1.045754
-0.300347	-1.035824
-0.300347	-1.026905
-0.300347	-1.018889
-0.300347	-1.011678
-0.300347	-1.005189
-0.064425	-0.999346
-0.064425	-0.994083
-0.064425	-0.989339
-0.064425	-0.985063
-0.064425	-0.981206
-0.064425	-0.929825
-0.064425	-0.838190
-0.064425	-0.745813
-0.064425	-0.663761
-0.064425	-0.593581
-0.064425	-0.534129
-0.064425	-0.483745
-0.064425	-0.440879
-0.064425	-0.404228
-0.064425	-0.372736
-0.064425	-0.345545
-0.064425	-0.321965
-0.064425	-0.301435
-0.064425	-0.283494
-0.064425	-0.267764
-0.064425	-0.253930
-0.064425	-0.241732
-0.064425	-0.230949
-0.064425	-0.221397
-0.064425	-0.212917
-0.064425	-0.205375
-0.596514	-0.198657
-0.596514	-0.192664
-0.596514	-0.187311
-0.596514	-0.182522
-0.596514	-0.178234
-0.596514	-0.197539
-0.596514	-0.242788
-0.596514	-0.298937
-0.596514	-0.359877
-0.596514	-0.422714
-0.596514	-0.485893
-0.596514	-0.548461
-0.596514	-0.609769
-0.596514	-0.669336
-0.596514	-0.726803
-0.596514	-0.781897
-0.596514	-0.834425
-0.596514	-0.884256
-0.596514	-0.931315
-0.596514	-0.975577
-0.596514	-1.017055
-0.596514	-1.055794
-0.596514	-1.091866
-0.596514	-1.125363
-0.596514	-1.156393
-0.596514	-1.185072
0.280813	-1.211527
0.280813	-1.235883
0.280813	-1.258272
0.280813	-1.278821
0.280813	-1.297655
0.280813	-1.134603
0.280813	-0.849266
0.280813	-0.600436
0.280813	-0.412437
0.280813	-0.275001
0.280813	-0.174377
0.280813	-0.099749
0.280813	-0.043504
0.280813	-0.000418
0.280813	0.033099
0.280813	0.059547
0.280813	0.080689
0.280813	0.097790
0.280813	0.111769
0.280813	0.123309
0.280813	0.132918
0.280813	0.140983
0.280813	0.147801
0.280813	0.153602
0.280813	0.158566
0.280813	0.162838
-0.033860	0.166530
-0.033860	0.169737
-0.033860	0.172531
-0.033860	0.174976
-0.033860	0.177122
-0.033860	0.174475
-0.033860	0.166693
-0.033860	0.156733
-0.033860	0.145773
-0.033860	0.134373
-0.033860	0.122833
-0.033860	0.111341
-0.033860	0.100026
-0.033860	0.088983
-0.033860	0.078289
-0.033860	0.068000
-0.033860	0.058160
-0.033860	0.048797
-0.033860	0.039933
-0.033860	0.031576
-0.033860	0.023728
-0.033860	0.016384
-0.033860	0.009534
-0.033860	0.003163
-0.033860	-0.002748
-0.033860	-0.008217
0.010473	-0.013269
0.010473	-0.017924
0.010473	-0.022208
0.010473	-0.026142
0.010473	-0.029752
0.010473	-0.029968
0.010473	-0.026916
0.010473	-0.023010
0.010473	-0.019098
0.010473	-0.015452
0.010473	-0.012139
0.010473	-0.009158
0.010473	-0.006481
0.010473	-0.004081
0.010473	-0.001927
0.010473	0.000006
0.010473	0.001743
0.010473	0.003304
0.010473	0.004708
0.010473	0.005971
0.010473	0.007109
0.010473	0.008134
0.010473	0.009057
0.010473	0.009890
0.010473	0.010641
0.010473	0.011318
-0.226215	0.011930
-0.226215	0.012482
-0.226215	0.012980
-0.226215	0.013430
-0.226215	0.013836
-0.226215	0.002258
-0.226215	-0.022653
-0.226215	-0.053143
-0.226215	-0.086039
-0.226215	-0.119836
-0.226215	-0.153725
-0.226215	-0.187212
-0.226215	-0.219961
-0.226215	-0.251727
-0.226215	-0.282326
-0.226215	-0.311622
-0.226215	-0.339518
-0.226215	-0.365952
-0.226215	-0.390892
-0.226215	-0.414327
-0.226215	-0.436269
-0.226215	-0.456748
-0.226215	-0.475804
-0.226215	-0.493488
-0.226215	-0.509861
-0.226215	-0.524987
0.587275	-0.538932
0.587275	-0.551767
0.587275	-0.563559
0.587275	-0.574380
0.587275	-0.584294
0.587275	-0.501353
0.587275	-0.354499
0.587275	-0.224598
0.587275	-0.125009
0.587275	-0.051188
0.587275	0.003556
0.587275	0.044634
0.587275	0.075922
0.587275	0.100121
0.587275	0.119110
0.587275	0.134212
0.587275	0.146370
0.587275	0.156268
0.587275	0.164406
0.587275	0.171159
0.587275	0.176809
0.587275	0.181572
0.587275	0.185614
0.587275	0.189065
0.587275	0.192028
0.587275	0.194585
0.160008	0.196801
0.160008	0.198730
0.160008	0.200415
0.160008	0.201891
0.160008	0.203190
0.160008	0.202819
0.160008	0.200804
0.160008	0.198251
0.160008	0.195572
0.160008	0.192931
0.160008	0.190392
0.160008	0.187984
0.160008	0.185715
0.160008	0.183589
0.160008	0.181604
0.160008	0.179756
0.160008	0.178041
0.160008	0.176453
0.160008	0.174986
0.160008	0.173633
0.160008	0.172388
0.160008	0.171245
0.160008	0.170195
0.160008	0.169233
0.160008	0.168353
0.160008	0.167548
-0.675403	0.166813
-0.675403	0.166143
-0.675403	0.165531
-0.675403	0.164974
-0.675403	0.164467
-0.675403	0.154406
-0.675403	0.131708
-0.675403	0.100502
-0.675403	0.062394
-0.675403	0.018311
-0.675403	-0.031019
-0.675403	-0.084901
-0.675403	-0.142618
-0.675403	-0.203416
-0.675403	-0.266522
-0.675403	-0.331169
-0.675403	-0.396613
-0.675403	-0.462159
-0.675403	-0.527176
-0.675403	-0.591107
-0.675403	-0.653476
-0.675403	-0.713885
-0.675403	-0.772019
-0.675403	-0.827637
-0.675403	-0.880566
-0.675403	-0.930695
0.401505	-0.977967
0.401505	-1.022369
0.401505	-1.063928
0.401505	-1.102701
0.401505	-1.138769
0.401505	-0.995494
0.401505	-0.730238
0.401505	-0.499371
0.401505	-0.326602
0.401505	-0.201688
0.401505	-0.111219
0.401505	-0.044799
0.401505	0.004795
0.401505	0.042467
0.401505	0.071548
0.401505	0.094337
0.401505	0.112440
0.401505	0.126999
0.401505	0.138840
0.401505	0.148569
0.401505	0.156636
0.401505	0.163381
0.401505	0.169064
0.401505	0.173883
0.401505	0.177996
0.401505	0.181526
0.929102	0.184571
0.929102	0.187209
0.929102	0.189504
0.929102	0.191509
0.929102	0.193265
0.929102	0.195240
0.929102	0.197408
0.929102	0.199451
0.929102	0.201286
0.929102	0.202909
0.929102	0.204337
0.929102	0.205595
0.929102	0.206704
0.929102	0.207684
0.929102	0.208552
0.929102	0.209321
0.929102	0.210005
0.929102	0.210615
0.929102	0.211158
0.929102	0.211643
0.929102	0.212077
0.929102	0.212465
0.929102	0.212813
0.929102	0.213125
0.929102	0.213405
0.929102	0.213656
0.000017	0.213882
0.000017	0.214086
0.000017	0.214269
0.000017	0.214433
0.000017	0.214582
0.000017	0.212128
0.000017	0.206618
0.000017	0.199569
0.000017	0.191618
0.000017	0.183098
0.000017	0.174218
0.000017	0.165128
0.000017	0.155950
0.000017	0.146785
0.000017	0.137723
0.000017	0.128838
0.000017	0.120193
0.000017	0.111841
0.000017	0.103821
0.000017	0.096164
0.000017	0.088891
0.000017	0.082014
0.000017	0.075538
0.000017	0.069464
0.000017	0.063786
0.000017	0.058494
0.779040	0.053577
0.779040	0.049019
0.779040	0.044803
0.779040	0.040913
0.779040	0.037329
0.779040	0.048712
0.779040	0.072285
0.779040	0.095535
0.779040	0.115310
0.779040	0.131454
0.779040	0.144533
0.779040	0.155166
0.779040	0.163877
0.779040	0.171073
0.779040	0.177066
0.779040	0.182096
0.779040	0.186348
0.779040	0.189966
0.779040	0.193062
0.779040	0.195725
0.779040	0.198028
0.779040	0.200027
0.779040	0.201770
0.779040	0.203294
0.779040	0.204631
0.779040	0.205809
-0.316773	0.206848
-0.316773	0.207767
-0.316773	0.208581
-0.316773	0.209305
-0.316773	0.209949
-0.316773	0.205156
-0.316773	0.193126
-0.316773	0.175879
-0.316773	0.154065
-0.316773	0.128022
-0.316773	0.098038
-0.316773	0.064432
-0.316773	0.027588
-0.316773	-0.012049
-0.316773	-0.053983
-0.316773	-0.097686
-0.316773	-0.142625
-0.316773	-0.188273
-0.316773	-0.234135
-0.316773	-0.279755
-0.316773	-0.324728
-0.316773	-0.368703
-0.316773	-0.411386
-0.316773	-0.452540
-0.316773	-0.491979
-0.316773	-0.529570
0.134288	-0.565223
0.134288	-0.598885
0.134288	-0.630541
0.134288	-0.660201
0.134288	-0.687898
0.134288	-0.632356
0.134288	-0.510285
0.134288	-0.391946
0.134288	-0.293885
0.134288	-0.215952
0.134288	-0.154411
0.134288	-0.105536
0.134288	-0.066350
0.134288	-0.034603
0.134288	-0.008625
0.134288	0.012835
0.134288	0.030715
0.134288	0.045729
0.134288	0.058427
0.134288	0.069234
0.134288	0.078487
0.134288	0.086451
0.134288	0.093337
0.134288	0.099318
0.134288	0.104533
0.134288	0.109096
-0.144908	0.113101
-0.144908	0.116627
-0.144908	0.119739
-0.144908	0.122492
-0.144908	0.124933
-0.144908	0.118937
-0.144908	0.103593
-0.144908	0.084048
-0.144908	0.062396
-0.144908	0.039665
-0.144908	0.016441
-0.144908	-0.006894
-0.144908	-0.030058
-0.144908	-0.052833
-0.144908	-0.075039
-0.144908	-0.096535
-0.144908	-0.117209
-0.144908	-0.136978
-0.144908	-0.155781
-0.144908	-0.173580
-0.144908	-0.190358
-0.144908	-0.206112
-0.144908	-0.220851
-0.144908	-0.234597
-0.144908	-0.247382
-0.144908	-0.259239
-0.126505	-0.270212
-0.126505	-0.280345
-0.126505	-0.289683
-0.126505	-0.298274
-0.126505	-0.306165
-0.126505	-0.311335
-0.126505	-0.313846
-0.126505	-0.315315
-0.126505	-0.316348
-0.126505	-0.317174
-0.126505	-0.317882
-0.126505	-0.318508
-0.126505	-0.319070
-0.126505	-0.319576
-0.126505	-0.320034
-0.126505	-0.320449
-0.126505	-0.320824
-0.126505	-0.321164
-0.126505	-0.321471
-0.126505	-0.321749
-0.126505	-0.322002
-0.126505	-0.322230
-0.126505	-0.322436
-0.126505	-0.322623
-0.126505	-0.322792
-0.126505	-0.322945
0.553118	-0.323084
0.553118	-0.323209
0.553118	-0.323323
0.553118	-0.323426
0.553118	-0.323519
0.553118	-0.270246
0.553118	-0.179391
0.553118	-0.097422
0.553118	-0.032826
0.553118	0.016417
0.553118	0.053915
0.553118	0.082747
0.553118	0.105200
0.553118	0.122920
0.553118	0.137082
0.553118	0.148532
0.553118	0.157889
0.553118	0.165609
0.553118	0.172036
0.553118	0.177429
0.553118	0.181986
0.553118	0.185862
0.553118	0.189179
0.553118	0.192032
0.553118	0.194498
0.553118	0.196639
0.071208	0.198505
0.071208	0.200137
0.071208	0.201569
0.071208	0.202830
0.071208	0.203942
0.071208	0.202578
0.071208	0.198611
0.071208	0.193629
0.071208	0.188258
0.071208	0.182777
0.071208	0.177328
0.071208	0.171990
0.071208	0.166811
0.071208	0.161825
0.071208	0.157055
0.071208	0.152516
0.071208	0.148218
0.071208	0.144166
0.071208	0.140361
0.071208	0.136800
0.071208	0.133478
0.071208	0.130389
0.071208	0.127523
0.071208	0.124870
0.071208	0.122421
0.071208	0.120163
0.907484	0.118086
0.907484	0.116177
0.907484	0.114427
0.907484	0.112823
0.907484	0.111356
0.907484	0.117296
0.907484	0.129487
0.907484	0.141832
0.907484	0.152659
0.907484	0.161769
0.907484	0.169358
0.907484	0.175690
0.907484	0.180999
0.907484	0.185479
0.907484	0.189282
0.907484	0.192530
0.907484	0.195320
0.907484	0.197727
0.907484	0.199813
0.907484	0.201629
0.907484	0.203216
0.907484	0.204607
0.907484	0.205829
0.907484	0.206907
0.907484	0.207860
0.907484	0.208704
0.088416	0.209453
0.088416	0.210119
0.088416	0.210712
0.088416	0.211241
0.088416	0.211714
0.088416	0.210217
0.088416	0.206590
0.088416	0.202107
0.088416	0.197280
0.088416	0.192344
0.088416	0.187420
0.088416	0.182579
0.088416	0.177867
0.088416	0.173317
0.088416	0.168952
0.088416	0.164788
0.088416	0.160836
0.088416	0.157102
0.088416	0.153589
0.088416	0.150295
0.088416	0.147219
0.088416	0.144353
0.088416	0.141691
0.088416	0.139225
0.088416	0.136945
0.088416	0.134842
-0.835810	0.132905
-0.835810	0.131124
-0.835810	0.129490
-0.835810	0.127992
-0.835810	0.126620
-0.835810	0.113370
-0.835810	0.084795
-0.835810	0.046647
-0.835810	0.001327
-0.835810	-0.049780
-0.835810	-0.105654
-0.835810	-0.165409
-0.835810	-0.228200
-0.835810	-0.293207
-0.835810	-0.359631
-0.835810	-0.426716
-0.835810	-0.493760
-0.835810	-0.560132
-0.835810	-0.625279
-0.835810	-0.688730
-0.835810	-0.750098
-0.835810	-0.809076
-0.835810	-0.865434
-0.835810	-0.919008
-0.835810	-0.969699
-0.835810	-1.017457
-0.267315	-1.062281
-0.267315	-1.104203
-0.267315	-1.143289
-0.267315	-1.179627
-0.267315	-1.213323
-0.267315	-1.217050
-0.267315	-1.191759
-0.267315	-1.159006
-0.267315	-1.126340
-0.267315	-1.096114
-0.267315	-1.068862
-0.267315	-1.044507
-0.267315	-1.022796
-0.267315	-1.003442
-0.267315	-0.986176
-0.267315	-0.970754
-0.267315	-0.956965
-0.267315	-0.944622
-0.267315	-0.933563
-0.267315	-0.923644
-0.267315	-0.914740
-0.267315	-0.906742
-0.267315	-0.899553
-0.267315	-0.893086
-0.267315	-0.887266
-0.267315	-0.882025
0.701701	-0.877304
0.701701	-0.873049
0.701701	-0.869213
0.701701	-0.865753
0.701701	-0.862632
0.701701	-0.732331
0.701701	-0.520932
0.701701	-0.340307
0.701701	-0.205570
0.701701	-0.108044
0.701701	-0.037238
0.701701	0.014887
0.701701	0.053914
0.701701	0.083634
0.701701	0.106630
0.701701	0.124688
0.701701	0.139059
0.701701	0.150638
0.701701	0.160070
0.701701	0.167830
0.701701	0.174274
0.701701	0.179667
0.701701	0.184216
0.701701	0.188077
0.701701	0.191376
0.701701	0.194208
-0.187450	0.196654
-0.187450	0.198773
-0.187450	0.200619
-0.187450	0.202232
-0.187450	0.203645
-0.187450	0.199600
-0.187450	0.188844
-0.187450	0.173920
-0.187450	0.155811
-0.187450	0.135065
-0.187450	0.112085
-0.187450	0.087227
-0.187450	0.060838
-0.187450	0.033270
-0.187450	0.004868
-0.187450	-0.024030
-0.187450	-0.053105
-0.187450	-0.082064
-0.187450	-0.110644
-0.187450	-0.138619
-0.187450	-0.165797
-0.187450	-0.192023
-0.187450	-0.217176
-0.187450	-0.241167
-0.187450	-0.263935
-0.187450	-0.285445
-0.945595	-0.305682
-0.945595	-0.324652
-0.945595	-0.342375
-0.945595	-0.358881
-0.945595	-0.374213
-0.945595	-0.407816
-0.945595	-0.462065
-0.945595	-0.523999
-0.945595	-0.588269
-0.945595	-0.652437
-0.945595	-0.715284
-0.945595	-0.776134
-0.945595	-0.834578
-0.945595	-0.890357
-0.945595	-0.943308
-0.945595	-0.993342
-0.945595	-1.040421
-0.945595	-1.084556
-0.945595	-1.125790
-0.945595	-1.164198
-0.945595	-1.199873
-0.945595	-1.232929
-0.945595	-1.263488
-0.945595	-1.291681
-0.945595	-1.317644
-0.945595	-1.341513
-0.505646	-1.363423
-0.505646	-1.383508
-0.505646	-1.401897
-0.505646	-1.418714
-0.505646	-1.434079
-0.505646	-1.441635
-0.505646	-1.441629
-0.505646	-1.439103
-0.505646	-1.435895
-0.505646	-1.432657
-0.505646	-1.429609
-0.505646	-1.426809
-0.505646	-1.424263
-0.505646	-1.421957
-0.505646	-1.419870
-0.505646	-1.417983
-0.505646	-1.416278
-0.505646	-1.414736
-0.505646	-1.413342
-0.505646	-1.412082
-0.505646	-1.410942
-0.505646	-1.409912
-0.505646	-1.408980
-0.505646	-1.408137
-0.505646	-1.407375
-0.505646	-1.406686
-0.865711	-1.406063
-0.865711	-1.405499
-0.865711	-1.404989
-0.865711	-1.404527
-0.865711	-1.404110
-0.865711	-1.409821
-0.865711	-1.421518
-0.865711	-1.434591
-0.865711	-1.447404
-0.865711	-1.459415
-0.865711	-1.470478
-0.865711	-1.480596
-0.865711	-1.489820
-0.865711	-1.498214
-0.865711	-1.505846
-0.865711	-1.512782
-0.865711	-1.519082
-0.865711	-1.524801
-0.865711	-1.529993
-0.865711	-1.534703
-0.865711	-1.538976
-0.865711	-1.542851
-0.865711	-1.546365
-0.865711	-1.549550
-0.865711	-1.552437
-0.865711	-1.555053
0.987704	-1.557424
0.987704	-1.559571
0.987704	-1.561517
0.987704	-1.563279
0.987704	-1.564875
0.987704	-1.326621
0.987704	-0.944337
0.987704	-0.628986
0.987704	-0.402634
0.987704	-0.244780
0.987704	-0.134064
0.987704	-0.055086
0.987704	0.002375
0.987704	0.045011
0.987704	0.077235
0.987704	0.102007
0.987704	0.121348
0.987704	0.136660
0.987704	0.148939
0.987704	0.158899
0.987704	0.167062
0.987704	0.173817
0.987704	0.179453
0.987704	0.184193
0.987704	0.188206
0.987704	0.191627
0.941161	0.194558
0.941161	0.197083
0.941161	0.199269
0.941161	0.201169
0.941161	0.202827
0.941161	0.204276
0.941161	0.205546
0.941161	0.206663
0.941161	0.207650
0.941161	0.208524
0.941161	0.209299
0.941161	0.209987
0.941161	0.210600
0.941161	0.211147
0.941161	0.211635
0.941161	0.212071
0.941161	0.212462
0.941161	0.212811
0.941161	0.213125
0.941161	0.213407
0.941161	0.213660
0.941161	0.213887
0.941161	0.214092
0.941161	0.214276
0.941161	0.214441
0.941161	0.214591
0.600517	0.214725
0.600517	0.214847
0.600517	0.214956
0.600517	0.215055
0.600517	0.215144
0.600517	0.215158
0.600517	0.215101
0.600517	0.215023
0.600517	0.214943
0.600517	0.214867
0.600517	0.214797
0.600517	0.214733
0.600517	0.214674
0.600517	0.214622
0.600517	0.214574
0.600517	0.214530
0.600517	0.214491
0.600517	0.214455
0.600517	0.214423
0.600517	0.214393
0.600517	0.214367
0.600517	0.214343
0.600517	0.214321
0.600517	0.214301
0.600517	0.214284
0.600517	0.214267
0.203634	0.214253
0.203634	0.214240
0.203634	0.214228
0.203634	0.214217
0.203634	0.214207
0.203634	0.213276
0.203634	0.211383
0.203634	0.209183
0.203634	0.206928
0.203634	0.204719
0.203634	0.202599
0.203634	0.200586
0.203634	0.198688
0.203634	0.196907
0.203634	0.195241
0.203634	0.193689
0.203634	0.192246
0.203634	0.190909
0.203634	0.189673
0.203634	0.188531
0.203634	0.187480
0.203634	0.186514
0.203634	0.185626
0.203634	0.184812
0.203634	0.184067
0.203634	0.183386
0.529920	0.182763
0.529920	0.182194
0.529920	0.181676
0.529920	0.181203
0.529920	0.180773
0.529920	0.182040
0.529920	0.184859
0.529920	0.187896
0.529920	0.190728
0.529920	0.193252
0.529920	0.195469
0.529920	0.197408
0.529920	0.199107
0.529920	0.200598
0.529920	0.201910
0.529920	0.203068
0.529920	0.204091
0.529920	0.204997
0.529920	0.205802
0.529920	0.206518
0.529920	0.207156
0.529920	0.207725
0.529920	0.208233
0.529920	0.208688
0.529920	0.209095
0.529920	0.209460
-0.661549	0.209787
-0.661549	0.210081
-0.661549	0.210345
-0.661549	0.210583
-0.661549	0.210796
-0.661549	0.205250
-0.661549	0.191641
-0.661549	0.171705
-0.661549	0.145818
-0.661549	0.114108
-0.661549	0.076710
-0.661549	0.033861
-0.661549	-0.014069
-0.661549	-0.066579
-0.661549	-0.123054
-0.661549	-0.182799
-0.661549	-0.245066
-0.661549	-0.309097
-0.661549	-0.374143
-0.661549	-0.439497
-0.661549	-0.504511
-0.661549	-0.568605
-0.661549	-0.631280
-0.661549	-0.692116
-0.661549	-0.750775
-0.661549	-0.806992
-0.413954	-0.860576
-0.413954	-0.911399
-0.413954	-0.959386
-0.413954	-1.004514
-0.413954	-1.046796
-0.413954	-1.078220
-0.413954	-1.098611
-0.413954	-1.114101
-0.413954	-1.127072
-0.413954	-1.138470
-0.413954	-1.148700
-0.413954	-1.157961
-0.413954	-1.166371
-0.413954	-1.174015
-0.413954	-1.180964
-0.413954	-1.187280
-0.413954	-1.193019
-0.413954	-1.198231
-0.413954	-1.202963
-0.413954	-1.207258
-0.413954	-1.211156
-0.413954	-1.214691
-0.413954	-1.217898
-0.413954	-1.220805
-0.413954	-1.223441
-0.413954	-1.225829
0.048134	-1.227994
0.048134	-1.229956
0.048134	-1.231733
0.048134	-1.233343
0.048134	-1.234801
0.048134	-1.128151
0.048134	-0.939066
0.048134	-0.760210
0.048134	-0.612273
0.048134	-0.494199
0.048134	-0.400403
0.048134	-0.325451
0.048134	-0.265002
0.048134	-0.215762
0.048134	-0.175266
0.048134	-0.141663
0.048134	-0.113551
0.048134	-0.089856
0.048134	-0.069750
0.048134	-0.052584
0.048134	-0.037847
0.048134	-0.025132
0.048134	-0.014111
0.048134	-0.004521
0.048134	0.003857
0.048134	0.011199
-0.286751	0.017654
-0.286751	0.023344
-0.286751	0.028373
-0.286751	0.032826
-0.286751	0.036779
-0.286751	0.025979
-0.286751	-0.001287
-0.286751	-0.036096
-0.286751	-0.074799
-0.286751	-0.115587
-0.286751	-0.157414
-0.286751	-0.199582
-0.286751	-0.241573
-0.286751	-0.282971
-0.286751	-0.323440
-0.286751	-0.362706
-0.286751	-0.400549
-0.286751	-0.436801
-0.286751	-0.471343
-0.286751	-0.504092
-0.286751	-0.535004
-0.286751	-0.564065
-0.286751	-0.591286
-0.286751	-0.616701
-0.286751	-0.640358
-0.286751	-0.662320
-0.908642	-0.682659
-0.908642	-0.701452
-0.908642	-0.718784
-0.908642	-0.734738
-0.908642	-0.749400
-0.908642	-0.779781
-0.908642	-0.826861
-0.908642	-0.878600
-0.908642	-0.930364
-0.908642	-0.980323
-0.908642	-1.027759
-0.908642	-1.072413
-0.908642	-1.114220
-0.908642	-1.153209
-0.908642	-1.189455
-0.908642	-1.223062
-0.908642	-1.254147
-0.908642	-1.282840
-0.908642	-1.309274
-0.908642	-1.333585
-0.908642	-1.355909
-0.908642	-1.376380
-0.908642	-1.395127
-0.908642	-1.412277
-0.908642	-1.427949
-0.908642	-1.442256
0.966307	-1.455307
0.966307	-1.467203
0.966307	-1.478039
0.966307	-1.487902
0.966307	-1.496875
0.966307	-1.273327
0.966307	-0.907864
0.966307	-0.604725
0.966307	-0.386356
0.966307	-0.233631
0.966307	-0.126247
0.966307	-0.049481
0.966307	0.006480
0.966307	0.048076
0.966307	0.079564
0.966307	0.103805
0.966307	0.122754
0.966307	0.137775
0.966307	0.149833
0.966307	0.159623
0.966307	0.167654
0.966307	0.174304
0.966307	0.179857
0.966307	0.184530
0.966307	0.188489
0.966307	0.191865
-0.117290	0.194759
-0.117290	0.197254
-0.117290	0.199414
-0.117290	0.201292
-0.117290	0.202932
-0.117290	0.199646
-0.117290	0.190575
-0.117290	0.178259
-0.117290	0.163716
-0.117290	0.147499
-0.117290	0.129985
-0.117290	0.111474
-0.117290	0.092234
-0.117290	0.072515
-0.117290	0.052551
-0.117290	0.032554
-0.117290	0.012720
-0.117290	-0.006782
-0.117290	-0.025807
-0.117290	-0.044232
-0.117290	-0.061963
-0.117290	-0.078926
-0.117290	-0.095068
-0.117290	-0.110356
-0.117290	-0.124772
-0.117290	-0.138312
0.008001	-0.150985
0.008001	-0.162807
0.008001	-0.173805
0.008001	-0.184009
0.008001	-0.193453
0.008001	-0.188987
0.008001	-0.171519
0.008001	-0.151640
0.008001	-0.132829
0.008001	-0.115995
0.008001	-0.101200
0.008001	-0.088257
0.008001	-0.076932
0.008001	-0.067002
0.008001	-0.058274
0.008001	-0.050583
0.008001	-0.043789
0.008001	-0.037774
0.008001	-0.032437
0.008001	-0.027694
0.008001	-0.023470
0.008001	-0.019704
0.008001	-0.016341
0.008001	-0.013334
0.008001	-0.010643
0.008001	-0.008231
-0.352917	-0.006068
-0.352917	-0.004127
-0.352917	-0.002383
-0.352917	-0.000815
-0.352917	0.000595
-0.352917	-0.013986
-0.352917	-0.046807
-0.352917	-0.088092
-0.352917	-0.133776
-0.352917	-0.181823
-0.352917	-0.231041
-0.352917	-0.280628
-0.352917	-0.329982
-0.352917	-0.378621
-0.352917	-0.426153
-0.352917	-0.472257
-0.352917	-0.516679
-0.352917	-0.559226
-0.352917	-0.599754
-0.352917	-0.638173
-0.352917	-0.674431
-0.352917	-0.708512
-0.352917	-0.740432
-0.352917	-0.770229
-0.352917	-0.797962
-0.352917	-0.823705
-0.480510	-0.847543
-0.480510	-0.869569
-0.480510	-0.889879
-0.480510	-0.908573
-0.480510	-0.925753
-0.480510	-0.949071
-0.480510	-0.978790
-0.480510	-1.009423
-0.480510	-1.038968
-0.480510	-1.066739
-0.480510	-1.092547
-0.480510	-1.116397
-0.480510	-1.138365
-0.480510	-1.158556
-0.480510	-1.177081
-0.480510	-1.194055
-0.480510	-1.209587
-0.480510	-1.223786
-0.480510	-1.236752
-0.480510	-1.248583
-0.480510	-1.259369
-0.480510	-1.269196
-0.480510	-1.278143
-0.480510	-1.286283
-0.480510	-1.293687
-0.480510	-1.300416
-0.226220	-1.306530
-0.226220	-1.312084
-0.226220	-1.317126
-0.226220	-1.321702
-0.226220	-1.325854
-0.226220	-1.299223
-0.226220	-1.244345
-0.226220	-1.185425
-0.226220	-1.130255
-0.226220	-1.080796
-0.226220	-1.037086
-0.226220	-0.998600
-0.226220	-0.964708
-0.226220	-0.934811
-0.226220	-0.908387
-0.226220	-0.884982
-0.226220	-0.864212
-0.226220	-0.845745
-0.226220	-0.829299
-0.226220	-0.814631
-0.226220	-0.801531
-0.226220	-0.789817
-0.226220	-0.779329
-0.226220	-0.769931
-0.226220	-0.761502
-0.226220	-0.753934
0.664034	-0.747135
0.664034	-0.741024
0.664034	-0.735526
0.664034	-0.730577
0.664034	-0.726121
0.664034	-0.615229
0.664034	-0.435497
0.664034	-0.280561
0.664034	-0.163791
0.664034	-0.078416
0.664034	-0.015848
0.664034	0.030610
0.664034	0.065667
0.664034	0.092552
0.664034	0.113489
0.664034	0.130025
0.664034	0.143255
0.664034	0.153965
0.664034	0.162726
0.664034	0.169963
0.664034	0.175993
0.664034	0.181056
0.664034	0.185339
0.664034	0.188984
0.664034	0.192105
0.664034	0.194791
0.473494	0.197114
0.473494	0.199131
0.473494	0.200890
0.473494	0.202430
0.473494	0.203781
0.473494	0.204806
0.473494	0.205543
0.473494	0.206138
0.473494	0.206646
0.473494	0.207092
0.473494	0.207489
0.473494	0.207844
0.473494	0.208163
0.473494	0.208449
0.473494	0.208705
0.473494	0.208936
0.473494	0.209144
0.473494	0.209332
0.473494	0.209500
0.473494	0.209652
0.473494	0.209789
0.473494	0.209913
0.473494	0.210024
0.473494	0.210125
0.473494	0.210216
0.473494	0.210298
-0.241579	0.210372
-0.241579	0.210439
-0.241579	0.210499
-0.241579	0.210554
-0.241579	0.210603
-0.241579	0.205855
-0.241579	0.194714
-0.241579	0.179116
-0.241579	0.159761
-0.241579	0.137047
-0.241579	0.111294
-0.241579	0.082829
-0.241579	0.052009
-0.241579	0.019228
-0.241579	-0.015099
-0.241579	-0.050544
-0.241579	-0.086686
-0.241579	-0.123120
-0.241579	-0.159474
