0.000000	0.000000
0.000000	0.000000
0.000000	0.000000
0.000000	0.000000
0.000000	0.000000
0.101596	0.000000
0.101596	0.000000
0.101596	0.000000
0.101596	0.000000
0.101596	0.000000
0.101596	0.005986
0.101596	0.017345
0.101596	0.029268
0.101596	0.040261
0.101596	0.049992
0.101596	0.058497
0.101596	0.065913
0.101596	0.072387
0.101596	0.078052
0.101596	0.083023
0.101596	0.087399
0.101596	0.091259
0.101596	0.094672
0.101596	0.097698
0.101596	0.100385
0.101596	0.102775
0.101596	0.104905
0.101596	0.106806
0.101596	0.108504
0.101596	0.110023
0.101596	0.111384
0.416296	0.112604
0.416296	0.113698
0.416296	0.114681
0.416296	0.115564
0.416296	0.116359
0.416296	0.122216
0.416296	0.132332
0.416296	0.142464
0.416296	0.151439
0.416296	0.159103
0.416296	0.165587
0.416296	0.171077
0.416296	0.175744
0.416296	0.179731
0.416296	0.183155
0.416296	0.186110
0.416296	0.188670
0.416296	0.190899
0.416296	0.192845
0.416296	0.194551
0.416296	0.196051
0.416296	0.197373
0.416296	0.198541
0.416296	0.199576
0.416296	0.200494
0.416296	0.201311
-0.418191	0.202038
-0.418191	0.202687
-0.418191	0.203266
-0.418191	0.203784
-0.418191	0.204248
-0.418191	0.198500
-0.418191	0.184366
-0.418191	0.164086
-0.418191	0.138358
-0.418191	0.107538
-0.418191	0.071939
-0.418191	0.031919
-0.418191	-0.012080
-0.418191	-0.059534
-0.418191	-0.109852
-0.418191	-0.162403
-0.418191	-0.216541
-0.418191	-0.271627
-0.418191	-0.327057
-0.418191	-0.382272
-0.418191	-0.436772
-0.418191	-0.490123
-0.418191	-0.541960
-0.418191	-0.591986
-0.418191	-0.639970
-0.418191	-0.685739
0.021655	-0.729179
0.021655	-0.770220
0.021655	-0.808836
0.021655	-0.845035
0.021655	-0.878855
0.021655	-0.832823
0.021655	-0.718928
0.021655	-0.602866
0.021655	-0.502359
0.021655	-0.419211
0.021655	-0.351114
0.021655	-0.295219
0.021655	-0.249044
0.021655	-0.210612
0.021655	-0.178384
0.021655	-0.151167
0.021655	-0.128032
0.021655	-0.108249
0.021655	-0.091243
0.021655	-0.076552
0.021655	-0.063805
0.021655	-0.052700
0.021655	-0.042991
0.021655	-0.034475
0.021655	-0.026982
0.021655	-0.020373
0.785894	-0.014529
0.785894	-0.009349
0.785894	-0.004750
0.785894	-0.000659
0.785894	0.002986
0.785894	0.021590
0.785894	0.051423
0.785894	0.079436
0.785894	0.102745
0.785894	0.121522
0.785894	0.136583
0.785894	0.148731
0.785894	0.158613
0.785894	0.166727
0.785894	0.173447
0.785894	0.179060
0.785894	0.183784
0.785894	0.187786
0.785894	0.191199
0.785894	0.194125
0.785894	0.196647
0.785894	0.198831
0.785894	0.200730
0.785894	0.202388
0.785894	0.203839
0.785894	0.205115
0.792586	0.206238
0.792586	0.207230
0.792586	0.208109
0.792586	0.208888
0.792586	0.209581
0.792586	0.210199
0.792586	0.210751
0.792586	0.211244
0.792586	0.211685
0.792586	0.212080
0.792586	0.212434
0.792586	0.212751
0.792586	0.213036
0.792586	0.213291
0.792586	0.213521
0.792586	0.213728
0.792586	0.213914
0.792586	0.214082
0.792586	0.214233
0.792586	0.214369
0.792586	0.214491
0.792586	0.214602
0.792586	0.214702
0.792586	0.214792
0.792586	0.214873
0.792586	0.214947
-0.748829	0.215013
-0.748829	0.215073
-0.748829	0.215127
-0.748829	0.215176
-0.748829	0.215220
-0.748829	0.210011
-0.748829	0.197314
-0.748829	0.178561
-0.748829	0.153976
-0.748829	0.123576
-0.748829	0.087406
-0.748829	0.045631
-0.748829	-0.001442
-0.748829	-0.053355
-0.748829	-0.109526
-0.748829	-0.169273
-0.748829	-0.231850
-0.748829	-0.296486
-0.748829	-0.362413
-0.748829	-0.428896
-0.748829	-0.495250
-0.748829	-0.560863
-0.748829	-0.625196
-0.748829	-0.687794
-0.748829	-0.748286
-0.748829	-0.806377
-0.585514	-0.861848
-0.585514	-0.914547
-0.585514	-0.964379
-0.585514	-1.011305
-0.585514	-1.055326
-0.585514	-1.094367
-0.585514	-1.128396
-0.585514	-1.159063
-0.585514	-1.187075
-0.585514	-1.212779
-0.585514	-1.236388
-0.585514	-1.258061
-0.585514	-1.277937
-0.585514	-1.296146
-0.585514	-1.312808
-0.585514	-1.328038
-0.585514	-1.341947
-0.585514	-1.354638
-0.585514	-1.366208
-0.585514	-1.376750
-0.585514	-1.386347
-0.585514	-1.395080
-0.585514	-1.403022
-0.585514	-1.410241
-0.585514	-1.416800
-0.585514	-1.422758
-0.897066	-1.428166
-0.897066	-1.433076
-0.897066	-1.437530
-0.897066	-1.441571
-0.897066	-1.445235
-0.897066	-1.452048
-0.897066	-1.461964
-0.897066	-1.472368
-0.897066	-1.482347
-0.897066	-1.491616
-0.897066	-1.500115
-0.897066	-1.507867
-0.897066	-1.514920
-0.897066	-1.521330
-0.897066	-1.527151
-0.897066	-1.532436
-0.897066	-1.537231
-0.897066	-1.541581
-0.897066	-1.545526
-0.897066	-1.549104
-0.897066	-1.552347
-0.897066	-1.555286
-0.897066	-1.557950
-0.897066	-1.560364
-0.897066	-1.562551
-0.897066	-1.564532
-0.118380	-1.566326
-0.118380	-1.567951
-0.118380	-1.569423
-0.118380	-1.570755
-0.118380	-1.571962
-0.118380	-1.496513
-0.118380	-1.356065
-0.118380	-1.213993
-0.118380	-1.088026
-0.118380	-0.980617
-0.118380	-0.889928
-0.118380	-0.813316
-0.118380	-0.748329
-0.118380	-0.692916
-0.118380	-0.645419
-0.118380	-0.604501
-0.118380	-0.569090
-0.118380	-0.538314
-0.118380	-0.511464
-0.118380	-0.487958
-0.118380	-0.467315
-0.118380	-0.449135
-0.118380	-0.433082
-0.118380	-0.418874
-0.118380	-0.406274
-0.118380	-0.395077
-0.940248	-0.385110
-0.940248	-0.376225
-0.940248	-0.368292
-0.940248	-0.361201
-0.940248	-0.354855
-0.940248	-0.375472
-0.940248	-0.424839
-0.940248	-0.485097
-0.940248	-0.549165
-0.940248	-0.613897
-0.940248	-0.677751
-0.940248	-0.739891
-0.940248	-0.799816
-0.940248	-0.857205
-0.940248	-0.911849
-0.940248	-0.963621
-0.940248	-1.012453
-0.940248	-1.058331
-0.940248	-1.101279
-0.940248	-1.141353
-0.940248	-1.178637
-0.940248	-1.213234
-0.940248	-1.245259
-0.940248	-1.274841
-0.940248	-1.302111
-0.940248	-1.327207
-0.086334	-1.350264
-0.086334	-1.371417
-0.086334	-1.390798
-0.086334	-1.408534
-0.086334	-1.424747
-0.086334	-1.357187
-0.086334	-1.218338
-0.086334	-1.076895
-0.086334	-0.952023
-0.086334	-0.846291
-0.086334	-0.757677
-0.086334	-0.683351
-0.086334	-0.620720
-0.086334	-0.567638
-0.086334	-0.522389
-0.086334	-0.483603
-0.086334	-0.450187
-0.086334	-0.421264
-0.086334	-0.396124
-0.086334	-0.374189
-0.086334	-0.354984
-0.086334	-0.338116
-0.086334	-0.323259
-0.086334	-0.310139
-0.086334	-0.298527
-0.086334	-0.288227
0.298288	-0.279075
0.298288	-0.270927
0.298288	-0.263663
0.298288	-0.257178
0.298288	-0.251380
0.298288	-0.209802
0.298288	-0.142113
0.298288	-0.079538
0.298288	-0.028503
0.298288	0.011791
0.298288	0.043509
0.298288	0.068652
0.298288	0.088786
0.298288	0.105081
0.298288	0.118404
0.298288	0.129403
0.298288	0.138561
0.298288	0.146246
0.298288	0.152743
0.298288	0.158270
0.298288	0.163000
0.298288	0.167069
0.298288	0.170587
0.298288	0.173641
0.298288	0.176303
0.298288	0.178632
-0.443025	0.180676
-0.443025	0.182475
-0.443025	0.184062
-0.443025	0.185466
-0.443025	0.186711
-0.443025	0.179872
-0.443025	0.162566
-0.443025	0.138117
-0.443025	0.107714
-0.443025	0.072014
-0.443025	0.031539
-0.443025	-0.013189
-0.443025	-0.061603
-0.443025	-0.113084
-0.443025	-0.166977
-0.443025	-0.222611
-0.443025	-0.279325
-0.443025	-0.336487
-0.443025	-0.393511
-0.443025	-0.449873
-0.443025	-0.505114
-0.443025	-0.558846
-0.443025	-0.610753
-0.443025	-0.660585
-0.443025	-0.708157
-0.443025	-0.753340
0.352510	-0.796057
0.352510	-0.836274
0.352510	-0.873995
0.352510	-0.909254
0.352510	-0.942109
0.352510	-0.829207
0.352510	-0.613838
0.352510	-0.422634
0.352510	-0.276834
0.352510	-0.169566
0.352510	-0.090628
0.352510	-0.031830
0.352510	0.012654
0.352510	0.046847
0.352510	0.073528
0.352510	0.094640
0.352510	0.111558
0.352510	0.125274
0.352510	0.136509
0.352510	0.145801
0.352510	0.153551
0.352510	0.160066
0.352510	0.165580
0.352510	0.170278
0.352510	0.174303
0.352510	0.177770
0.181726	0.180770
0.181726	0.183376
0.181726	0.185650
0.181726	0.187641
0.181726	0.189389
0.181726	0.189736
0.181726	0.188762
0.181726	0.187380
0.181726	0.185919
0.181726	0.184498
0.181726	0.183159
0.181726	0.181914
0.181726	0.180764
0.181726	0.179706
0.181726	0.178734
0.181726	0.177842
0.181726	0.177026
0.181726	0.176279
0.181726	0.175597
0.181726	0.174975
0.181726	0.174407
0.181726	0.173889
0.181726	0.173418
0.181726	0.172989
0.181726	0.172598
0.181726	0.172244
-0.952036	0.171921
-0.952036	0.171628
-0.952036	0.171362
-0.952036	0.171121
-0.952036	0.170902
-0.952036	0.161417
-0.952036	0.139607
-0.952036	0.109320
-0.952036	0.072002
-0.952036	0.028476
-0.952036	-0.020595
-0.952036	-0.074559
-0.952036	-0.132718
-0.952036	-0.194322
-0.952036	-0.258589
-0.952036	-0.324723
-0.952036	-0.391948
-0.952036	-0.459530
-0.952036	-0.526792
-0.952036	-0.593133
-0.952036	-0.658031
-0.952036	-0.721047
-0.952036	-0.781827
-0.952036	-0.840096
-0.952036	-0.895650
-0.952036	-0.948354
0.117708	-0.998128
0.117708	-1.044945
0.117708	-1.088819
0.117708	-1.129797
0.117708	-1.167956
0.117708	-1.067031
0.117708	-0.859498
0.117708	-0.664159
0.117708	-0.506431
0.117708	-0.383988
0.117708	-0.289334
0.117708	-0.215598
0.117708	-0.157500
0.117708	-0.111170
0.117708	-0.073793
0.117708	-0.043314
0.117708	-0.018214
0.117708	0.002641
0.117708	0.020111
0.117708	0.034853
0.117708	0.047376
0.117708	0.058077
0.117708	0.067272
0.117708	0.075212
0.117708	0.082099
0.117708	0.088096
-0.481495	0.093338
-0.481495	0.097934
-0.481495	0.101977
-0.481495	0.105542
-0.481495	0.108694
-0.481495	0.097838
-0.481495	0.070215
-0.481495	0.033100
-0.481495	-0.010541
-0.481495	-0.059084
-0.481495	-0.111418
-0.481495	-0.166648
-0.481495	-0.223980
-0.481495	-0.282675
-0.481495	-0.342044
-0.481495	-0.401454
-0.481495	-0.460335
-0.481495	-0.518188
-0.481495	-0.574586
-0.481495	-0.629178
-0.481495	-0.681683
-0.481495	-0.731888
-0.481495	-0.779644
-0.481495	-0.824853
-0.481495	-0.867469
-0.481495	-0.907484
-0.169798	-0.944924
-0.169798	-0.979844
-0.169798	-1.012319
-0.169798	-1.042443
-0.169798	-1.070319
-0.169798	-1.058317
-0.169798	-1.008934
-0.169798	-0.952420
-0.169798	-0.898767
-0.169798	-0.850629
-0.169798	-0.808226
-0.169798	-0.771061
-0.169798	-0.738484
-0.169798	-0.709878
-0.169798	-0.684698
-0.169798	-0.662481
-0.169798	-0.642832
-0.169798	-0.625418
-0.169798	-0.609953
-0.169798	-0.596196
-0.169798	-0.583937
-0.169798	-0.572998
-0.169798	-0.563224
-0.169798	-0.554480
-0.169798	-0.546649
-0.169798	-0.539630
-0.432950	-0.533331
-0.432950	-0.527675
-0.432950	-0.522593
-0.432950	-0.518023
-0.432950	-0.513911
-0.432950	-0.530716
-0.432950	-0.569078
-0.432950	-0.614356
-0.432950	-0.660959
-0.432950	-0.706634
-0.432950	-0.750452
-0.432950	-0.792025
-0.432950	-0.831204
-0.432950	-0.867952
-0.432950	-0.902289
-0.432950	-0.934271
-0.432950	-0.963975
-0.432950	-0.991495
-0.432950	-1.016933
-0.432950	-1.040399
-0.432950	-1.062007
-0.432950	-1.081870
-0.432950	-1.100102
-0.432950	-1.116814
-0.432950	-1.132114
-0.432950	-1.146105
0.386276	-1.158887
0.386276	-1.170553
0.386276	-1.181193
0.386276	-1.190888
0.386276	-1.199718
0.386276	-1.034470
0.386276	-0.756421
0.386276	-0.518135
0.386276	-0.340691
0.386276	-0.212628
0.386276	-0.119942
0.386276	-0.051914
0.386276	-0.001122
0.386276	0.037457
0.386276	0.067240
0.386276	0.090578
0.386276	0.109117
0.386276	0.124027
0.386276	0.136153
0.386276	0.146117
0.386276	0.154379
0.386276	0.161286
0.386276	0.167106
0.386276	0.172042
0.386276	0.176254
0.386276	0.179869
-0.119093	0.182987
-0.119093	0.185689
-0.119093	0.188040
-0.119093	0.190093
-0.119093	0.191892
-0.119093	0.188144
-0.119093	0.177972
-0.119093	0.164371
-0.119093	0.148558
-0.119093	0.131184
-0.119093	0.112670
-0.119093	0.093344
-0.119093	0.073481
-0.119093	0.053329
-0.119093	0.033112
-0.119093	0.013030
-0.119093	-0.006739
-0.119093	-0.026044
-0.119093	-0.044761
-0.119093	-0.062789
-0.119093	-0.080049
-0.119093	-0.096486
-0.119093	-0.112063
-0.119093	-0.126760
-0.119093	-0.140573
-0.119093	-0.153506
-0.686265	-0.165578
-0.686265	-0.176812
-0.686265	-0.187238
-0.686265	-0.196892
-0.686265	-0.205810
-0.686265	-0.233867
-0.686265	-0.283960
-0.686265	-0.343368
-0.686265	-0.406740
-0.686265	-0.471489
-0.686265	-0.536202
-0.686265	-0.599999
-0.686265	-0.662276
-0.686265	-0.722589
-0.686265	-0.780607
-0.686265	-0.836087
-0.686265	-0.888859
-0.686265	-0.938817
-0.686265	-0.985907
-0.686265	-1.030121
-0.686265	-1.071489
-0.686265	-1.110072
-0.686265	-1.145953
-0.686265	-1.179234
-0.686265	-1.210032
-0.686265	-1.238470
0.089298	-1.264680
0.089298	-1.288792
0.089298	-1.310941
0.089298	-1.331256
0.089298	-1.349866
0.089298	-1.225750
0.089298	-0.994908
0.089298	-0.779885
0.089298	-0.606197
0.089298	-0.470931
0.089298	-0.365954
0.089298	-0.283855
0.089298	-0.218927
0.089298	-0.166974
0.089298	-0.124930
0.089298	-0.090549
0.089298	-0.062164
0.089298	-0.038523
0.089298	-0.018679
0.089298	-0.001902
0.089298	0.012374
0.089298	0.024593
0.089298	0.035106
0.089298	0.044196
0.089298	0.052089
0.089298	0.058970
0.560630	0.064990
0.560630	0.070273
0.560630	0.074923
0.560630	0.079027
0.560630	0.082658
0.560630	0.093373
0.560630	0.109625
0.560630	0.125173
0.560630	0.138505
0.560630	0.149585
0.560630	0.158742
0.560630	0.166333
0.560630	0.172666
0.560630	0.177986
0.560630	0.182484
0.560630	0.186312
0.560630	0.189589
0.560630	0.192408
0.560630	0.194846
0.560630	0.196962
0.560630	0.198807
0.560630	0.200421
0.560630	0.201838
0.560630	0.203084
0.560630	0.204185
0.560630	0.205158
-0.387273	0.206021
-0.387273	0.206788
-0.387273	0.207470
-0.387273	0.208077
-0.387273	0.208620
-0.387273	0.203409
-0.387273	0.190423
-0.387273	0.171689
-0.387273	0.147810
-0.387273	0.119085
-0.387273	0.085776
-0.387273	0.048200
-0.387273	0.006758
-0.387273	-0.038065
-0.387273	-0.085717
-0.387273	-0.135601
-0.387273	-0.187098
-0.387273	-0.239599
-0.387273	-0.292518
-0.387273	-0.345315
-0.387273	-0.397502
-0.387273	-0.448655
-0.387273	-0.498413
-0.387273	-0.546484
-0.387273	-0.592636
-0.387273	-0.636697
-0.556084	-0.678547
-0.556084	-0.718114
-0.556084	-0.755367
-0.556084	-0.790308
-0.556084	-0.822970
-0.556084	-0.860062
-0.556084	-0.902064
-0.556084	-0.944240
-0.556084	-0.984799
-0.556084	-1.023089
-0.556084	-1.058911
-0.556084	-1.092249
-0.556084	-1.123168
-0.556084	-1.151765
-0.556084	-1.178158
-0.556084	-1.202468
-0.556084	-1.224821
-0.556084	-1.245344
-0.556084	-1.264160
-0.556084	-1.281389
-0.556084	-1.297148
-0.556084	-1.311547
-0.556084	-1.324690
-0.556084	-1.336679
-0.556084	-1.347605
-0.556084	-1.357556
-0.224057	-1.366614
-0.224057	-1.374854
-0.224057	-1.382346
-0.224057	-1.389154
-0.224057	-1.395339
-0.224057	-1.365598
-0.224057	-1.303019
-0.224057	-1.235861
-0.224057	-1.173164
-0.224057	-1.117150
-0.224057	-1.067814
-0.224057	-1.024511
-0.224057	-0.986485
-0.224057	-0.953032
-0.224057	-0.923534
-0.224057	-0.897464
-0.224057	-0.874372
-0.224057	-0.853879
-0.224057	-0.835657
-0.224057	-0.819429
-0.224057	-0.804955
-0.224057	-0.792026
-0.224057	-0.780465
-0.224057	-0.770114
-0.224057	-0.760838
-0.224057	-0.752517
0.872767	-0.745048
0.872767	-0.738337
0.872767	-0.732303
0.872767	-0.726876
0.872767	-0.721991
0.872767	-0.610585
0.872767	-0.430588
0.872767	-0.275752
0.872767	-0.159286
0.872767	-0.074288
0.872767	-0.012099
0.872767	0.034010
0.872767	0.068755
0.872767	0.095369
0.872767	0.116072
0.872767	0.132407
0.872767	0.145465
0.872767	0.156026
0.872767	0.164659
0.872767	0.171785
0.872767	0.177719
0.872767	0.182700
0.872767	0.186910
0.872767	0.190492
0.872767	0.193557
0.872767	0.196195
0.951991	0.198475
0.951991	0.200455
0.951991	0.202181
0.951991	0.203690
0.951991	0.205015
0.951991	0.206187
0.951991	0.207227
0.951991	0.208149
0.951991	0.208967
0.951991	0.209694
0.951991	0.210340
0.951991	0.210917
0.951991	0.211431
0.951991	0.211890
0.951991	0.212301
0.951991	0.212669
0.951991	0.212999
0.951991	0.213295
0.951991	0.213560
0.951991	0.213799
0.951991	0.214014
0.951991	0.214207
0.951991	0.214381
0.951991	0.214538
0.951991	0.214679
0.951991	0.214806
0.344767	0.214921
0.344767	0.215024
0.344767	0.215118
0.344767	0.215202
0.344767	0.215278
0.344767	0.214946
0.344767	0.214209
0.344767	0.213365
0.344767	0.212522
0.344767	0.211720
0.344767	0.210970
0.344767	0.210276
0.344767	0.209636
0.344767	0.209048
0.344767	0.208507
0.344767	0.208013
0.344767	0.207560
0.344767	0.207146
0.344767	0.206768
0.344767	0.206423
0.344767	0.206108
0.344767	0.205822
0.344767	0.205561
0.344767	0.205324
0.344767	0.205108
0.344767	0.204911
0.805668	0.204733
0.805668	0.204571
0.805668	0.204424
0.805668	0.204291
0.805668	0.204170
0.805668	0.204570
0.805668	0.205460
0.805668	0.206441
0.805668	0.207379
0.805668	0.208235
0.805668	0.209003
0.805668	0.209689
0.805668	0.210301
0.805668	0.210848
0.805668	0.211336
0.805668	0.211772
0.805668	0.212163
0.805668	0.212513
0.805668	0.212827
0.805668	0.213108
0.805668	0.213361
0.805668	0.213589
0.805668	0.213794
0.805668	0.213978
0.805668	0.214144
0.805668	0.214293
0.691502	0.214428
0.691502	0.214549
0.691502	0.214659
0.691502	0.214758
0.691502	0.214847
0.691502	0.214906
0.691502	0.214936
0.691502	0.214956
0.691502	0.214970
0.691502	0.214982
0.691502	0.214992
0.691502	0.215001
0.691502	0.215010
0.691502	0.215017
0.691502	0.215024
0.691502	0.215030
0.691502	0.215036
0.691502	0.215041
0.691502	0.215045
0.691502	0.215049
0.691502	0.215053
0.691502	0.215056
0.691502	0.215059
0.691502	0.215062
0.691502	0.215064
0.691502	0.215067
-0.244012	0.215069
-0.244012	0.215070
-0.244012	0.215072
-0.244012	0.215074
-0.244012	0.215075
-0.244012	0.210659
-0.244012	0.200274
-0.244012	0.185604
-0.244012	0.167228
-0.244012	0.145463
-0.244012	0.120576
-0.244012	0.092853
-0.244012	0.062626
-0.244012	0.030268
-0.244012	-0.003811
-0.244012	-0.039186
-0.244012	-0.075427
-0.244012	-0.112119
-0.244012	-0.148872
-0.244012	-0.185332
-0.244012	-0.221187
-0.244012	-0.256169
-0.244012	-0.290054
-0.244012	-0.322666
-0.244012	-0.353868
-0.244012	-0.383563
-0.815566	-0.411689
-0.815566	-0.438213
-0.815566	-0.463129
-0.815566	-0.486449
-0.815566	-0.508207
-0.815566	-0.545219
-0.815566	-0.599278
-0.815566	-0.658894
-0.815566	-0.719400
-0.815566	-0.778773
-0.815566	-0.836073
-0.815566	-0.890840
-0.815566	-0.942839
-0.815566	-0.991954
-0.815566	-1.038146
-0.815566	-1.081425
-0.815566	-1.121838
-0.815566	-1.159462
-0.815566	-1.194395
-0.815566	-1.226749
-0.815566	-1.256648
-0.815566	-1.284223
-0.815566	-1.309609
-0.815566	-1.332941
-0.815566	-1.354353
-0.815566	-1.373977
0.306822	-1.391940
0.306822	-1.408366
0.306822	-1.423369
0.306822	-1.437062
0.306822	-1.449548
0.306822	-1.257344
0.306822	-0.931957
0.306822	-0.652690
0.306822	-0.444553
0.306822	-0.294246
0.306822	-0.185404
0.306822	-0.105482
0.306822	-0.045787
0.306822	-0.000429
0.306822	0.034597
0.306822	0.062052
0.306822	0.083867
0.306822	0.101416
0.306822	0.115692
0.306822	0.127424
0.306822	0.137154
0.306822	0.145290
0.306822	0.152146
0.306822	0.157961
0.306822	0.162925
0.306822	0.167185
0.115682	0.170860
0.115682	0.174045
0.115682	0.176816
0.115682	0.179236
0.115682	0.181356
0.115682	0.181263
0.115682	0.179035
0.115682	0.176127
0.115682	0.173074
0.115682	0.170082
0.115682	0.167227
0.115682	0.164539
0.115682	0.162025
0.115682	0.159684
0.115682	0.157511
0.115682	0.155499
0.115682	0.153641
0.115682	0.151928
0.115682	0.150352
0.115682	0.148905
0.115682	0.147576
0.115682	0.146360
0.115682	0.145246
0.115682	0.144228
0.115682	0.143299
0.115682	0.142451
-0.276870	0.141678
-0.276870	0.140973
-0.276870	0.140332
-0.276870	0.139748
-0.276870	0.139218
-0.276870	0.129420
-0.276870	0.108202
-0.276870	0.080560
-0.276870	0.048618
-0.276870	0.013553
-0.276870	-0.023837
-0.276870	-0.062920
-0.276870	-0.103145
-0.276870	-0.144011
-0.276870	-0.185061
-0.276870	-0.225884
-0.276870	-0.266116
-0.276870	-0.305443
-0.276870	-0.343605
-0.276870	-0.380390
-0.276870	-0.415635
-0.276870	-0.449221
-0.276870	-0.481070
-0.276870	-0.511135
-0.276870	-0.539404
-0.276870	-0.565887
-0.549891	-0.590614
-0.549891	-0.613634
-0.549891	-0.635005
-0.549891	-0.654798
-0.549891	-0.673089
-0.549891	-0.704079
-0.549891	-0.748710
-0.549891	-0.796974
-0.549891	-0.844997
-0.549891	-0.891245
-0.549891	-0.935118
-0.549891	-0.976397
-0.549891	-1.015036
-0.549891	-1.051065
-0.549891	-1.084556
-0.549891	-1.115605
-0.549891	-1.144322
-0.549891	-1.170827
-0.549891	-1.195243
-0.549891	-1.217698
-0.549891	-1.238316
-0.549891	-1.257222
-0.549891	-1.274535
-0.549891	-1.290373
-0.549891	-1.304845
-0.549891	-1.318056
-0.186960	-1.330108
-0.186960	-1.341092
-0.186960	-1.351097
-0.186960	-1.360203
-0.186960	-1.368488
-0.186960	-1.332322
-0.186960	-1.256071
-0.186960	-1.174994
-0.186960	-1.100103
-0.186960	-1.033884
-0.186960	-0.976121
-0.186960	-0.925868
-0.186960	-0.882093
-0.186960	-0.843861
-0.186960	-0.810371
-0.186960	-0.780948
-0.186960	-0.755029
-0.186960	-0.732137
-0.186960	-0.711874
-0.186960	-0.693899
-0.186960	-0.677925
-0.186960	-0.663703
-0.186960	-0.651023
-0.186960	-0.639701
-0.186960	-0.629580
-0.186960	-0.620521
-0.062120	-0.612404
-0.062120	-0.605125
-0.062120	-0.598591
-0.062120	-0.592723
-0.062120	-0.587448
-0.062120	-0.561658
-0.062120	-0.517839
-0.062120	-0.472964
-0.062120	-0.432108
-0.062120	-0.396258
-0.062120	-0.365140
-0.062120	-0.338169
-0.062120	-0.314746
-0.062120	-0.294344
-0.062120	-0.276515
-0.062120	-0.260884
-0.062120	-0.247140
-0.062120	-0.235023
-0.062120	-0.224314
-0.062120	-0.214828
-0.062120	-0.206408
-0.062120	-0.198921
-0.062120	-0.192252
-0.062120	-0.186303
-0.062120	-0.180989
-0.062120	-0.176237
-0.461529	-0.171982
-0.461529	-0.168169
-0.461529	-0.164748
-0.461529	-0.161677
-0.461529	-0.158918
-0.461529	-0.177448
-0.461529	-0.219410
-0.461529	-0.271082
-0.461529	-0.326888
-0.461529	-0.384205
-0.461529	-0.441638
-0.461529	-0.498345
-0.461529	-0.553759
-0.461529	-0.607470
-0.461529	-0.659172
-0.461529	-0.708643
-0.461529	-0.755723
-0.461529	-0.800314
-0.461529	-0.842364
-0.461529	-0.881861
-0.461529	-0.918829
-0.461529	-0.953318
-0.461529	-0.985401
-0.461529	-1.015168
-0.461529	-1.042720
-0.461529	-1.068167
-0.416414	-1.091623
-0.416414	-1.113207
-0.416414	-1.133036
-0.416414	-1.151226
-0.416414	-1.167892
-0.416414	-1.180419
-0.416414	-1.188938
-0.416414	-1.195616
-0.416414	-1.201287
-0.416414	-1.206292
-0.416414	-1.210781
-0.416414	-1.214835
-0.416414	-1.218506
-0.416414	-1.221832
-0.416414	-1.224848
-0.416414	-1.227581
-0.416414	-1.230059
-0.416414	-1.232304
-0.416414	-1.234338
-0.416414	-1.236182
-0.416414	-1.237852
-0.416414	-1.239364
-0.416414	-1.240734
-0.416414	-1.241975
-0.416414	-1.243098
-0.416414	-1.244116
-0.084627	-1.245037
-0.084627	-1.245871
-0.084627	-1.246626
-0.084627	-1.247309
-0.084627	-1.247928
-0.084627	-1.185042
-0.084627	-1.068411
-0.084627	-0.950597
-0.084627	-0.846254
-0.084627	-0.757370
-0.084627	-0.682386
-0.084627	-0.619090
-0.084627	-0.565435
-0.084627	-0.519715
-0.084627	-0.480547
-0.084627	-0.446823
-0.084627	-0.417651
-0.084627	-0.392308
-0.084627	-0.370207
-0.084627	-0.350864
-0.084627	-0.333883
-0.084627	-0.318932
-0.084627	-0.305734
-0.084627	-0.294055
-0.084627	-0.283700
-0.084627	-0.274500
0.721068	-0.266313
0.721068	-0.259014
0.721068	-0.252500
0.721068	-0.246677
0.721068	-0.241466
0.721068	-0.194665
0.721068	-0.118927
0.721068	-0.050745
0.721068	0.003254
0.721068	0.044694
0.721068	0.076466
0.721068	0.101052
0.721068	0.120313
0.721068	0.135595
0.721068	0.147869
0.721068	0.157837
0.721068	0.166015
0.721068	0.172789
0.721068	0.178445
0.721068	0.183206
0.721068	0.187240
0.721068	0.190679
0.721068	0.193629
0.721068	0.196171
0.721068	0.198373
0.721068	0.200287
0.172506	0.201958
0.172506	0.203421
0.172506	0.204707
0.172506	0.205840
0.172506	0.206840
0.172506	0.206361
0.172506	0.204410
0.172506	0.201977
0.172506	0.199433
0.172506	0.196926
0.172506	0.194517
0.172506	0.192229
0.172506	0.190074
0.172506	0.188052
0.172506	0.186163
0.172506	0.184404
0.172506	0.182770
0.172506	0.181257
0.172506	0.179858
0.172506	0.178568
0.172506	0.177381
0.172506	0.176289
0.172506	0.175287
0.172506	0.174369
0.172506	0.173529
0.172506	0.172760
-0.433024	0.172058
-0.433024	0.171417
-0.433024	0.170833
-0.433024	0.170300
-0.433024	0.169815
-0.433024	0.160646
-0.433024	0.140079
-0.433024	0.111982
-0.433024	0.077893
-0.433024	0.038700
-0.433024	-0.004912
-0.433024	-0.052306
-0.433024	-0.102836
-0.433024	-0.155839
-0.433024	-0.210646
-0.433024	-0.266596
-0.433024	-0.323059
-0.433024	-0.379451
-0.433024	-0.435244
-0.433024	-0.489979
-0.433024	-0.543263
-0.433024	-0.594776
-0.433024	-0.644263
-0.433024	-0.691535
-0.433024	-0.736459
-0.433024	-0.778952
-0.444045	-0.818976
-0.444045	-0.856532
-0.444045	-0.891649
-0.444045	-0.924385
-0.444045	-0.954813
-0.444045	-0.983597
-0.444045	-1.010857
-0.444045	-1.036275
-0.444045	-1.059803
-0.444045	-1.081495
-0.444045	-1.101445
-0.444045	-1.119758
-0.444045	-1.136544
-0.444045	-1.151910
-0.444045	-1.165961
-0.444045	-1.178797
-0.444045	-1.190511
-0.444045	-1.201193
-0.444045	-1.210927
-0.444045	-1.219791
-0.444045	-1.227858
-0.444045	-1.235195
-0.444045	-1.241865
-0.444045	-1.247926
-0.444045	-1.253432
-0.444045	-1.258432
-0.090756	-1.262969
-0.090756	-1.267087
-0.090756	-1.270823
-0.090756	-1.274211
-0.090756	-1.277283
-0.090756	-1.215518
-0.090756	-1.098596
-0.090756	-0.979966
-0.090756	-0.874653
-0.090756	-0.784792
-0.090756	-0.708881
-0.090756	-0.644729
-0.090756	-0.590292
-0.090756	-0.543863
-0.090756	-0.504055
-0.090756	-0.469755
-0.090756	-0.440064
-0.090756	-0.414254
-0.090756	-0.391733
-0.090756	-0.372015
-0.090756	-0.354695
-0.090756	-0.339439
-0.090756	-0.325967
-0.090756	-0.314043
-0.090756	-0.303466
-0.090756	-0.294067
-0.589179	-0.285700
-0.589179	-0.278240
-0.589179	-0.271580
-0.589179	-0.265626
-0.589179	-0.260296
-0.589179	-0.279804
-0.589179	-0.326108
-0.589179	-0.382983
-0.589179	-0.443935
-0.589179	-0.506003
-0.589179	-0.567682
-0.589179	-0.628112
-0.589179	-0.686747
-0.589179	-0.743215
-0.589179	-0.797254
-0.589179	-0.848687
-0.589179	-0.897401
-0.589179	-0.943340
-0.589179	-0.986490
-0.589179	-1.026878
-0.589179	-1.064557
-0.589179	-1.099609
-0.589179	-1.132129
-0.589179	-1.162230
-0.589179	-1.190031
-0.589179	-1.215657
-0.597243	-1.239238
-0.597243	-1.260902
-0.597243	-1.280775
-0.597243	-1.298982
-0.597243	-1.315644
-0.597243	-1.331067
-0.597243	-1.345360
-0.597243	-1.358482
-0.597243	-1.370476
-0.597243	-1.381416
-0.597243	-1.391383
-0.597243	-1.400456
-0.597243	-1.408708
-0.597243	-1.416211
-0.597243	-1.423030
-0.597243	-1.429224
-0.597243	-1.434848
-0.597243	-1.439953
-0.597243	-1.444585
-0.597243	-1.448788
-0.597243	-1.452600
-0.597243	-1.456056
-0.597243	-1.459189
-0.597243	-1.462030
-0.597243	-1.464604
-0.597243	-1.466936
0.028070	-1.469049
0.028070	-1.470964
0.028070	-1.472698
0.028070	-1.474268
0.028070	-1.475690
0.028070	-1.350888
0.028070	-1.130011
0.028070	-0.921310
0.028070	-0.748858
0.028070	-0.611344
0.028070	-0.502195
0.028070	-0.415041
0.028070	-0.344797
0.028070	-0.287615
0.028070	-0.240613
0.028070	-0.201631
0.028070	-0.169033
0.028070	-0.141569
0.028070	-0.118273
0.028070	-0.098390
0.028070	-0.081326
0.028070	-0.066608
0.028070	-0.053854
0.028070	-0.042757
0.028070	-0.033066
0.028070	-0.024574
-0.825541	-0.017110
-0.825541	-0.010531
-0.825541	-0.004718
-0.825541	0.000430
-0.825541	0.004998
-0.825541	-0.010360
-0.825541	-0.048696
-0.825541	-0.098629
-0.825541	-0.155462
-0.825541	-0.216741
-0.825541	-0.280933
-0.825541	-0.346923
-0.825541	-0.413811
-0.825541	-0.480826
-0.825541	-0.547297
-0.825541	-0.612647
-0.825541	-0.676386
-0.825541	-0.738110
-0.825541	-0.797497
-0.825541	-0.854304
-0.825541	-0.908355
-0.825541	-0.959539
-0.825541	-1.007798
-0.825541	-1.053123
-0.825541	-1.095540
-0.825541	-1.135109
-0.032829	-1.171915
-0.032829	-1.206060
-0.032829	-1.237662
-0.032829	-1.266847
-0.032829	-1.293748
-0.032829	-1.223558
-0.032829	-1.072127
-0.032829	-0.919668
-0.032829	-0.787569
-0.032829	-0.677876
-0.032829	-0.587632
-0.032829	-0.513222
-0.032829	-0.451491
-0.032829	-0.399909
-0.032829	-0.356499
-0.032829	-0.319719
-0.032829	-0.288364
-0.032829	-0.261482
-0.032829	-0.238316
-0.032829	-0.218260
-0.032829	-0.200824
-0.032829	-0.185607
-0.032829	-0.172281
-0.032829	-0.160575
-0.032829	-0.150263
-0.032829	-0.141156
-0.275648	-0.133094
-0.275648	-0.125942
-0.275648	-0.119586
-0.275648	-0.113928
-0.275648	-0.108883
-0.275648	-0.120642
-0.275648	-0.150245
-0.275648	-0.186655
-0.275648	-0.225504
-0.275648	-0.264847
-0.275648	-0.303727
-0.275648	-0.341622
-0.275648	-0.378215
-0.275648	-0.413301
-0.275648	-0.446745
-0.275648	-0.478462
-0.275648	-0.508405
-0.275648	-0.536558
-0.275648	-0.562933
-0.275648	-0.587558
-0.275648	-0.610483
-0.275648	-0.631766
-0.275648	-0.651477
-0.275648	-0.669692
-0.275648	-0.686490
-0.275648	-0.701954
0.415373	-0.716167
0.415373	-0.729210
0.415373	-0.741163
0.415373	-0.752104
0.415373	-0.762109
0.415373	-0.658812
0.415373	-0.478375
0.415373	-0.319620
0.415373	-0.198428
0.415373	-0.108928
0.415373	-0.042777
0.415373	0.006710
0.415373	0.044303
0.415373	0.073306
0.415373	0.096015
0.415373	0.114039
0.415373	0.128524
0.415373	0.140296
0.415373	0.149961
0.415373	0.157971
0.415373	0.164665
0.415373	0.170301
0.415373	0.175079
0.415373	0.179155
0.415373	0.182652
0.415373	0.185667
0.493492	0.188278
0.493492	0.190550
0.493492	0.192533
0.493492	0.194271
0.493492	0.195798
0.493492	0.197302
0.493492	0.198790
0.493492	0.200159
0.493492	0.201387
0.493492	0.202480
0.493492	0.203450
0.493492	0.204312
0.493492	0.205078
0.493492	0.205761
0.493492	0.206370
0.493492	0.206913
0.493492	0.207399
0.493492	0.207834
0.493492	0.208224
0.493492	0.208574
0.493492	0.208887
0.493492	0.209169
0.493492	0.209423
0.493492	0.209651
0.493492	0.209856
0.493492	0.210040
0.382186	0.210207
0.382186	0.210357
0.382186	0.210492
0.382186	0.210614
0.382186	0.210724
0.382186	0.210635
0.382186	0.210352
0.382186	0.210020
0.382186	0.209689
0.382186	0.209376
0.382186	0.209088
0.382186	0.208824
0.382186	0.208583
0.382186	0.208364
0.382186	0.208164
0.382186	0.207982
0.382186	0.207817
0.382186	0.207668
0.382186	0.207532
0.382186	0.207408
0.382186	0.207296
0.382186	0.207195
0.382186	0.207103
0.382186	0.207019
0.382186	0.206943
0.382186	0.206875
0.378361	0.206812
0.378361	0.206756
0.378361	0.206705
0.378361	0.206659
0.378361	0.206617
0.378361	0.206569
0.378361	0.206515
0.378361	0.206462
0.378361	0.206412
0.378361	0.206367
0.378361	0.206325
0.378361	0.206288
0.378361	0.206254
0.378361	0.206223
0.378361	0.206195
0.378361	0.206170
0.378361	0.206147
0.378361	0.206127
0.378361	0.206108
0.378361	0.206091
0.378361	0.206076
0.378361	0.206062
0.378361	0.206049
0.378361	0.206038
0.378361	0.206028
0.378361	0.206018
-0.252800	0.206010
-0.252800	0.206002
-0.252800	0.205995
-0.252800	0.205989
-0.252800	0.205983
-0.252800	0.200764
-0.252800	0.188629
-0.252800	0.171740
-0.252800	0.150903
-0.252800	0.126577
-0.252800	0.099129
-0.252800	0.068922
-0.252800	0.036347
-0.252800	0.001823
-0.252800	-0.034212
-0.252800	-0.071311
-0.252800	-0.109039
-0.252800	-0.146981
-0.252800	-0.184757
-0.252800	-0.222027
-0.252800	-0.258496
-0.252800	-0.293917
-0.252800	-0.328089
-0.252800	-0.360856
-0.252800	-0.392102
-0.252800	-0.421750
0.336270	-0.449755
0.336270	-0.476099
0.336270	-0.500790
0.336270	-0.523855
0.336270	-0.545334
0.336270	-0.481085
0.336270	-0.353357
0.336270	-0.235976
0.336270	-0.143360
0.336270	-0.072999
0.336270	-0.019671
0.336270	0.021131
0.336270	0.052760
0.336270	0.077613
0.336270	0.097397
0.336270	0.113337
0.336270	0.126320
0.336270	0.137002
0.336270	0.145870
0.336270	0.153293
0.336270	0.159553
0.336270	0.164867
0.336270	0.169405
0.336270	0.173303
0.336270	0.176668
0.336270	0.179584
-0.320303	0.182123
-0.320303	0.184342
-0.320303	0.186287
-0.320303	0.187997
-0.320303	0.189505
-0.320303	0.183557
-0.320303	0.168185
-0.320303	0.146649
-0.320303	0.120166
-0.320303	0.089418
-0.320303	0.054925
-0.320303	0.017178
-0.320303	-0.023320
-0.320303	-0.066037
-0.320303	-0.110430
-0.320303	-0.155956
-0.320303	-0.202089
-0.320303	-0.248334
-0.320303	-0.294243
-0.320303	-0.339418
-0.320303	-0.383517
-0.320303	-0.426256
-0.320303	-0.467408
-0.320303	-0.506797
-0.320303	-0.544299
-0.320303	-0.579831
0.145588	-0.613350
0.145588	-0.644844
0.145588	-0.674330
0.145588	-0.701846
0.145588	-0.727449
0.145588	-0.664391
0.145588	-0.531767
0.145588	-0.404791
0.145588	-0.300542
0.145588	-0.218340
0.145588	-0.153876
0.145588	-0.102999
0.145588	-0.062435
0.145588	-0.029739
0.145588	-0.003105
0.145588	0.018805
0.145588	0.036992
0.145588	0.052213
0.145588	0.065045
0.145588	0.075938
0.145588	0.085240
0.145588	0.093228
0.145588	0.100121
0.145588	0.106097
0.145588	0.111299
0.145588	0.115843
-0.348386	0.119826
-0.348386	0.123329
-0.348386	0.126417
-0.348386	0.129146
-0.348386	0.131563
-0.348386	0.122382
-0.348386	0.099293
-0.348386	0.068341
-0.348386	0.031996
-0.348386	-0.008386
-0.348386	-0.051880
-0.348386	-0.097744
-0.348386	-0.145318
-0.348386	-0.193990
-0.348386	-0.243191
-0.348386	-0.292399
-0.348386	-0.341145
-0.348386	-0.389019
-0.348386	-0.435670
-0.348386	-0.480809
-0.348386	-0.524209
-0.348386	-0.565696
-0.348386	-0.605148
-0.348386	-0.642487
-0.348386	-0.677677
-0.348386	-0.710711
-0.109710	-0.741615
-0.109710	-0.770433
-0.109710	-0.797231
-0.109710	-0.822084
-0.109710	-0.845080
-0.109710	-0.829423
-0.109710	-0.778083
-0.109710	-0.720902
-0.109710	-0.667465
-0.109710	-0.620104
-0.109710	-0.578818
-0.109710	-0.542961
-0.109710	-0.511788
-0.109710	-0.484615
-0.109710	-0.460855
-0.109710	-0.440017
-0.109710	-0.421687
-0.109710	-0.405521
-0.109710	-0.391229
-0.109710	-0.378565
-0.109710	-0.367323
-0.109710	-0.357323
-0.109710	-0.348415
-0.109710	-0.340467
-0.109710	-0.333367
-0.109710	-0.327016
-0.876942	-0.321329
-0.876942	-0.316231
-0.876942	-0.311658
-0.876942	-0.307551
-0.876942	-0.303862
-0.876942	-0.325710
-0.876942	-0.375215
-0.876942	-0.435538
-0.876942	-0.499925
-0.876942	-0.565307
-0.876942	-0.630131
-0.876942	-0.693519
-0.876942	-0.754919
-0.876942	-0.813958
-0.876942	-0.870380
-0.876942	-0.924014
-0.876942	-0.974756
-0.876942	-1.022558
-0.876942	-1.067417
-0.876942	-1.109369
-0.876942	-1.148479
-0.876942	-1.184835
-0.876942	-1.218546
-0.876942	-1.249731
-0.876942	-1.278519
-0.876942	-1.305043
-0.514649	-1.329439
-0.514649	-1.351843
-0.514649	-1.372390
-0.514649	-1.391207
-0.514649	-1.408423
-0.514649	-1.418370
-0.514649	-1.421264
-0.514649	-1.421625
-0.514649	-1.421119
-0.514649	-1.420356
-0.514649	-1.419553
-0.514649	-1.418786
-0.514649	-1.418076
-0.514649	-1.417429
-0.514649	-1.416842
-0.514649	-1.416310
-0.514649	-1.415828
-0.514649	-1.415392
-0.514649	-1.414998
-0.514649	-1.414642
-0.514649	-1.414319
-0.514649	-1.414027
-0.514649	-1.413763
-0.514649	-1.413524
-0.514649	-1.413308
-0.514649	-1.413112
0.943205	-1.412936
0.943205	-1.412775
0.943205	-1.412631
0.943205	-1.412500
0.943205	-1.412381
0.943205	-1.197946
0.943205	-0.853555
0.943205	-0.567770
0.943205	-0.361274
0.943205	-0.216335
0.943205	-0.114064
0.943205	-0.040711
0.943205	0.012925
0.943205	0.052903
0.943205	0.083242
0.943205	0.106651
0.943205	0.124989
0.943205	0.139551
0.943205	0.151261
0.943205	0.160782
0.943205	0.168604
0.943205	0.175089
0.943205	0.180510
0.943205	0.185077
0.943205	0.188950
0.943205	0.192254
-0.538832	0.195090
-0.538832	0.197536
-0.538832	0.199655
-0.538832	0.201498
-0.538832	0.203108
-0.538832	0.197757
-0.538832	0.183250
-0.538832	0.162043
-0.538832	0.134828
-0.538832	0.101932
-0.538832	0.063634
-0.538832	0.020283
-0.538832	-0.027675
-0.538832	-0.079687
-0.538832	-0.135117
-0.538832	-0.193270
-0.538832	-0.253426
-0.538832	-0.314864
-0.538832	-0.376894
-0.538832	-0.438872
-0.538832	-0.500216
-0.538832	-0.560417
-0.538832	-0.619042
-0.538832	-0.675735
-0.538832	-0.730214
-0.538832	-0.782266
0.382955	-0.831743
0.382955	-0.878552
0.382955	-0.922649
0.382955	-0.964034
0.382955	-1.002737
0.382955	-0.882046
0.382955	-0.649942
0.382955	-0.445078
0.382955	-0.290045
0.382955	-0.176851
0.382955	-0.094151
0.382955	-0.032955
0.382955	0.013064
0.382955	0.048245
0.382955	0.075562
0.382955	0.097081
0.382955	0.114255
0.382955	0.128127
0.382955	0.139454
0.382955	0.148792
0.382955	0.156561
0.382955	0.163075
0.382955	0.168576
0.382955	0.173254
0.382955	0.177254
0.382955	0.180694
0.300954	0.183666
0.300954	0.186245
0.300954	0.188492
0.300954	0.190458
0.300954	0.192181
0.300954	0.193343
0.300954	0.194000
0.300954	0.194452
0.300954	0.194808
0.300954	0.195109
0.300954	0.195374
0.300954	0.195610
0.300954	0.195822
0.300954	0.196013
0.300954	0.196185
0.300954	0.196340
0.300954	0.196479
0.300954	0.196606
0.300954	0.196719
0.300954	0.196822
0.300954	0.196915
0.300954	0.196999
0.300954	0.197075
0.300954	0.197143
0.300954	0.197205
0.300954	0.197261
0.447878	0.197312
0.447878	0.197358
0.447878	0.197399
0.447878	0.197436
0.447878	0.197470
0.447878	0.197996
0.447878	0.198984
0.447878	0.200047
0.447878	0.201057
0.447878	0.201977
0.447878	0.202803
0.447878	0.203541
0.447878	0.204201
0.447878	0.204790
0.447878	0.205316
0.447878	0.205788
0.447878	0.206210
0.447878	0.206588
0.447878	0.206928
0.447878	0.207233
0.447878	0.207507
0.447878	0.207754
0.447878	0.207975
0.447878	0.208175
0.447878	0.208355
0.447878	0.208517
-0.049823	0.208663
-0.049823	0.208795
-0.049823	0.208914
-0.049823	0.209021
-0.049823	0.209118
-0.049823	0.205925
-0.049823	0.198782
-0.049823	0.189526
-0.049823	0.178930
-0.049823	0.167415
-0.049823	0.155252
-0.049823	0.142651
-0.049823	0.129787
-0.049823	0.116813
-0.049823	0.103866
-0.049823	0.091069
-0.049823	0.078526
-0.049823	0.066326
-0.049823	0.054539
-0.049823	0.043224
-0.049823	0.032423
-0.049823	0.022163
-0.049823	0.012464
-0.049823	0.003332
-0.049823	-0.005233
-0.049823	-0.013239
0.193328	-0.020699
0.193328	-0.027631
0.193328	-0.034057
0.193328	-0.039999
0.193328	-0.045482
0.193328	-0.034707
0.193328	-0.009919
0.193328	0.015651
0.193328	0.038267
0.193328	0.057396
0.193328	0.073397
0.193328	0.086790
0.193328	0.098052
0.193328	0.107579
0.193328	0.115686
0.193328	0.122624
0.193328	0.128593
0.193328	0.133753
0.193328	0.138232
0.193328	0.142136
0.193328	0.145551
0.193328	0.148548
0.193328	0.151185
0.193328	0.153512
0.193328	0.155571
0.193328	0.157396
-0.866061	0.159016
-0.866061	0.160458
-0.866061	0.161743
-0.866061	0.162890
-0.866061	0.163915
-0.866061	0.154690
-0.866061	0.132225
-0.866061	0.100954
-0.866061	0.062553
-0.866061	0.017967
-0.866061	-0.032066
-0.866061	-0.086846
-0.866061	-0.145646
-0.866061	-0.207698
-0.866061	-0.272214
-0.866061	-0.338401
-0.866061	-0.405496
-0.866061	-0.472776
-0.866061	-0.539588
-0.866061	-0.605348
-0.866061	-0.669559
-0.866061	-0.731803
-0.866061	-0.791747
-0.866061	-0.849135
-0.866061	-0.903782
-0.866061	-0.955566
-0.854876	-1.004422
-0.854876	-1.050333
-0.854876	-1.093321
-0.854876	-1.133443
-0.854876	-1.170777
-0.854876	-1.205388
-0.854876	-1.237388
-0.854876	-1.266934
-0.854876	-1.294167
-0.854876	-1.319228
-0.854876	-1.342253
-0.854876	-1.363378
-0.854876	-1.382733
-0.854876	-1.400447
-0.854876	-1.416641
-0.854876	-1.431431
-0.854876	-1.444926
-0.854876	-1.457230
-0.854876	-1.468441
